50 50
5 2
2 2
4 3
7 9
10 1
3 5
7 2
5 6
2 8
4 4
7 3
9 6
2 6
8 3
5 8
8 4
6 3
9 9
6 5
10 4
9 1
8 9
5 7
5 6
1 7
9 6
4 1
2 9
3 1
6 8
9 6
10 5
5 9
2 3
7 6
2 2
3 10
6 7
6 6
10 10
6 1
10 6
2 5
10 1
5 8
9 1
4 4
7 5
6 3
2 8
12 10 75
19 12 84
11 12 56
16 10 85
11 17 69
10 14 79
11 16 50
19 18 71
20 16 82
19 16 65
15 12 98
16 10 78
14 11 54
14 15 82
12 11 88
13 11 97
11 11 73
13 18 62
18 14 59
10 15 96
14 18 56
16 13 91
14 13 58
14 15 90
13 11 70
15 19 86
19 16 96
20 20 64
16 13 93
11 18 71
18 16 71
17 11 61
11 15 84
20 16 59
10 16 95
16 10 55
11 11 94
11 16 58
20 11 56
10 18 83
18 11 77
20 16 58
11 11 100
17 15 56
10 20 57
19 18 62
16 19 77
19 14 65
10 18 75
18 17 75
