51 51
9 5
8 1
6 6
2 7
3 5
7 1
10 3
2 8
3 7
4 6
8 3
1 3
7 7
3 2
10 3
5 2
6 3
6 9
8 4
2 8
10 1
4 7
9 6
3 9
5 4
5 3
8 10
9 2
3 4
2 5
10 7
8 10
9 9
6 4
9 9
3 4
7 10
6 9
3 2
4 7
3 6
9 6
8 5
6 1
10 6
5 8
5 10
10 5
5 1
4 6
1 8
14 19 92
11 10 68
19 18 53
11 15 85
15 11 67
16 11 97
16 11 86
14 15 92
18 17 93
17 14 69
14 12 77
11 20 92
20 12 92
14 10 84
19 18 86
15 20 54
11 16 94
14 18 88
17 15 53
13 18 63
20 10 59
11 13 90
19 13 76
16 11 76
12 12 84
16 12 95
11 16 99
10 18 64
11 20 94
12 15 66
11 19 87
16 17 95
19 17 59
12 17 69
16 20 90
11 13 59
14 11 91
18 12 71
18 18 68
20 20 72
13 12 55
11 14 83
10 12 51
15 17 56
18 13 53
15 11 79
17 15 85
14 11 80
14 14 68
15 16 77
13 14 93
