52 52
10 6
9 8
8 3
8 6
3 10
2 8
2 8
6 6
5 1
7 9
6 2
2 7
4 6
10 5
8 7
1 9
6 3
1 10
4 6
5 8
5 2
8 9
2 2
6 7
7 3
7 2
8 8
8 5
6 1
2 4
7 9
9 6
2 7
7 3
5 1
9 10
10 5
6 9
7 6
1 10
2 5
2 9
5 1
3 7
4 2
5 4
7 8
1 5
5 8
5 9
8 5
10 10
11 20 100
14 13 61
15 19 60
18 17 60
11 14 87
20 18 52
17 17 79
16 19 59
17 12 60
19 18 78
12 20 61
10 12 92
15 19 76
15 11 99
15 15 65
20 19 94
13 18 60
18 16 60
14 15 54
11 13 55
12 20 88
18 13 76
20 13 67
10 12 72
14 17 58
10 13 81
13 10 59
12 10 74
15 19 89
12 14 55
17 15 51
10 16 90
11 20 77
19 14 58
13 18 50
14 20 63
10 14 91
19 14 86
16 10 64
16 12 80
19 19 72
12 13 60
17 14 100
20 18 75
19 19 64
20 10 59
11 13 90
18 10 54
14 15 55
16 12 53
17 11 97
20 10 84
