53 53
7 7
8 3
5 9
6 6
4 2
5 2
2 10
10 6
3 9
2 4
7 6
7 6
6 1
2 9
1 2
4 8
1 6
1 4
3 1
6 1
8 10
7 4
2 4
8 5
2 10
5 1
2 4
8 6
9 2
6 8
8 1
6 9
8 10
6 5
9 8
7 5
5 8
7 5
3 6
1 7
1 3
6 7
10 7
1 3
6 9
10 6
3 7
1 2
3 10
5 5
9 7
2 7
9 10
11 14 54
15 13 57
13 15 81
16 11 62
17 16 67
17 13 61
20 17 80
18 20 93
16 16 93
11 17 63
13 14 84
12 17 76
15 16 66
15 16 82
19 20 82
12 12 52
14 12 55
14 13 84
19 15 85
20 16 83
13 18 71
12 13 60
10 16 81
19 13 69
20 18 58
12 18 75
14 12 73
20 14 72
20 11 91
13 17 51
15 12 97
19 14 86
16 17 78
13 15 57
13 15 82
10 11 67
12 11 100
17 11 93
10 18 83
15 20 75
18 14 91
20 18 92
18 18 99
11 15 99
16 17 87
13 11 55
16 14 62
11 20 74
19 18 92
14 20 66
15 19 98
14 18 89
12 17 69
