54 54
1 2
6 2
8 1
2 10
4 2
8 8
3 10
1 9
1 4
6 1
10 1
5 5
3 8
8 7
6 8
10 1
1 1
6 2
10 9
2 4
10 9
10 8
3 1
4 10
2 2
2 9
2 8
5 3
2 8
6 5
4 1
3 7
1 1
7 5
7 2
2 9
6 1
4 9
7 2
6 4
2 9
8 6
10 3
6 3
3 5
6 8
5 2
8 4
3 8
8 1
3 5
10 8
8 2
10 5
14 11 99
16 14 81
11 10 71
20 17 62
10 15 77
18 12 68
11 16 81
13 20 61
17 19 89
13 15 51
20 10 70
14 18 52
14 11 83
18 10 97
17 18 52
12 12 66
18 18 56
11 16 86
16 14 60
16 16 68
14 17 70
18 12 65
17 17 99
12 15 91
15 13 84
17 10 87
20 19 95
13 14 60
10 11 85
15 10 97
10 20 61
10 10 93
16 16 51
12 10 81
18 19 70
19 19 68
13 19 88
16 17 86
18 12 69
14 18 66
13 13 69
10 17 92
16 11 87
15 19 89
19 17 70
17 17 51
14 13 59
15 20 55
18 14 84
17 13 62
12 19 66
20 17 67
20 16 57
18 12 50
