90 90
2 7
7 2
1 5
9 3
5 1
8 8
10 5
2 1
7 4
4 4
8 6
4 9
5 8
5 9
9 2
2 6
1 9
3 5
1 4
5 8
1 3
10 7
6 6
4 2
2 7
7 3
3 5
6 6
3 9
5 1
1 8
10 10
6 2
3 4
5 10
4 9
10 3
8 5
7 8
2 1
4 6
8 9
4 7
9 3
7 3
5 1
6 3
5 9
8 5
6 9
8 6
9 8
10 1
6 9
9 9
2 10
3 10
6 10
8 1
1 7
9 3
8 8
1 5
8 4
1 10
7 8
1 6
7 8
9 9
2 10
8 2
4 7
5 10
9 7
2 9
9 6
9 8
8 8
6 6
9 6
1 7
10 10
9 5
3 8
9 7
10 1
8 6
3 7
4 2
10 10
15 14 84
14 16 90
11 10 88
12 18 68
13 12 56
18 18 90
17 17 88
15 13 79
14 13 77
16 13 83
14 14 87
16 14 71
17 11 80
11 15 72
20 20 96
19 10 66
12 11 56
20 17 81
20 11 73
13 19 56
12 15 99
20 19 57
14 16 60
11 16 67
13 18 53
15 20 96
12 19 75
18 20 69
16 12 67
10 13 78
11 12 82
18 14 52
10 13 62
19 18 53
19 15 61
16 16 78
10 18 52
16 19 74
13 11 75
13 17 76
10 10 84
19 17 79
13 13 68
14 12 97
17 15 99
12 10 60
17 19 67
17 19 62
18 17 57
19 19 53
20 10 62
14 12 64
12 19 69
12 18 71
17 20 60
15 19 76
10 19 94
13 13 69
12 12 64
15 15 70
14 19 88
14 16 73
19 13 79
11 13 92
20 10 64
18 14 100
11 12 77
18 15 98
18 15 87
14 12 71
19 11 64
12 14 86
18 11 51
17 16 71
20 19 61
19 16 76
16 15 57
16 20 85
14 11 63
12 20 54
11 12 61
15 20 99
15 12 96
18 13 58
16 15 86
15 13 91
19 12 80
15 20 98
10 10 68
14 19 79
