120 120
6 1
6 4
2 6
7 8
5 6
6 1
3 5
4 8
8 9
1 6
7 4
10 10
1 9
5 6
9 2
8 7
7 10
6 7
9 9
9 5
10 10
10 4
4 7
1 3
9 4
10 2
4 10
9 5
9 2
5 5
8 1
3 2
9 6
5 10
4 8
4 9
4 1
9 1
5 8
2 7
1 3
6 10
5 10
3 2
5 1
2 10
7 9
10 4
2 7
7 7
4 8
1 6
10 7
4 3
8 4
1 8
8 10
4 9
3 10
5 5
5 6
2 1
2 4
4 3
10 4
2 7
5 4
2 2
5 6
6 9
1 6
5 6
8 9
2 10
4 2
7 5
9 5
4 3
5 6
9 8
9 10
7 4
3 10
10 6
5 8
3 3
4 8
2 9
5 5
9 6
2 4
1 5
3 4
7 8
6 1
1 7
10 6
10 2
6 10
7 4
3 7
6 7
7 5
6 8
4 7
1 9
2 2
1 9
1 9
9 2
5 7
6 6
4 5
7 7
5 4
4 4
9 10
5 5
10 10
6 2
17 12 83
16 14 73
13 19 51
11 19 88
12 18 81
13 11 54
18 10 52
19 12 71
10 14 86
19 19 56
11 15 59
16 19 98
18 14 63
12 19 54
12 16 72
18 11 57
17 10 81
17 20 98
17 14 94
12 14 75
17 10 69
13 11 67
13 16 90
17 20 57
12 11 81
19 14 81
11 14 79
13 15 85
13 10 62
10 17 57
14 20 91
18 13 77
20 14 63
16 12 70
16 17 97
10 11 100
17 18 53
14 12 64
14 18 50
20 15 78
11 10 54
18 18 88
20 16 61
11 16 98
11 14 78
13 12 57
10 18 93
10 15 76
17 10 84
12 10 87
17 12 97
10 10 79
15 16 100
11 11 67
14 19 62
20 12 95
13 19 62
16 20 54
19 15 50
11 11 56
16 18 89
19 13 91
10 16 52
20 14 79
17 14 74
14 16 51
17 19 86
10 20 68
12 15 80
14 14 98
18 19 71
14 15 73
19 18 53
14 13 70
11 14 62
17 18 53
20 15 97
17 10 60
12 13 57
15 17 53
20 11 63
12 13 87
14 19 81
18 14 89
14 10 92
13 18 89
10 17 85
17 17 75
13 11 95
16 15 98
10 19 99
12 11 99
14 12 98
14 13 52
18 20 97
10 19 70
13 10 69
14 14 83
14 10 74
10 18 93
11 16 76
15 17 92
13 14 94
13 11 83
18 12 68
14 18 98
10 18 94
17 18 78
13 11 62
14 15 93
12 18 99
19 17 54
18 14 88
14 20 72
19 16 58
19 12 63
19 18 76
13 20 51
19 12 80
18 11 83
