150 150
4 2
9 2
4 2
6 8
7 10
5 10
5 1
6 8
10 10
10 8
9 9
10 5
9 8
9 2
3 2
5 10
8 10
1 7
1 5
8 5
3 4
1 1
6 2
4 4
7 5
8 5
6 7
4 1
10 5
2 7
8 7
7 1
9 7
2 2
8 8
4 6
2 5
3 9
10 1
9 4
7 3
7 8
8 2
10 8
5 8
7 10
10 2
8 7
2 2
8 4
9 8
2 7
1 4
6 8
6 2
10 2
9 1
10 4
2 3
6 6
1 3
8 1
6 5
2 4
10 2
1 1
4 8
1 7
5 9
10 7
4 5
8 5
1 9
9 4
4 2
2 1
8 8
1 1
2 4
10 2
8 3
3 10
7 8
10 7
7 6
8 9
6 2
3 5
2 4
2 7
5 1
4 8
5 6
9 4
10 6
3 9
4 7
2 8
1 6
1 6
10 5
5 3
8 8
7 10
1 2
1 3
5 8
3 2
3 9
9 7
1 5
6 2
3 8
7 7
5 5
4 4
2 1
10 3
8 8
10 8
9 1
8 5
2 10
5 10
6 8
4 4
5 8
4 8
6 6
3 1
2 4
10 1
1 2
3 5
1 9
10 3
5 7
5 5
1 8
5 5
8 2
8 6
8 10
10 8
10 2
10 8
8 10
4 3
2 2
5 8
16 18 79
12 12 61
10 12 86
13 12 99
17 20 68
15 12 100
14 17 94
14 19 87
16 11 99
18 19 77
18 20 74
13 11 73
14 15 92
13 13 61
17 17 62
18 20 53
13 11 64
11 14 51
16 16 73
17 12 77
11 13 52
16 14 65
19 16 74
19 19 92
15 20 55
19 15 82
13 19 99
15 10 84
18 13 90
12 11 52
12 16 68
11 11 65
13 19 91
11 13 53
14 20 73
12 18 73
20 19 50
19 19 91
18 13 56
18 11 65
18 13 59
20 11 96
19 16 100
18 16 98
14 16 51
10 17 60
15 20 71
20 20 50
15 19 72
13 18 55
19 18 83
11 11 77
13 19 91
14 17 74
15 10 79
16 16 99
10 12 82
14 12 89
20 19 89
15 14 57
10 11 60
20 19 52
18 19 51
19 18 57
19 10 86
11 13 56
19 17 99
20 20 61
14 14 58
19 18 59
15 14 76
14 12 85
20 11 79
16 10 76
19 10 94
11 14 50
17 12 90
10 14 69
20 11 53
20 10 67
12 14 56
20 15 99
10 15 58
13 11 94
13 17 89
18 20 80
14 16 71
10 11 100
12 15 58
15 11 55
18 12 90
16 16 55
12 11 81
11 15 98
19 18 75
13 14 92
20 19 59
18 12 84
19 17 84
20 20 92
16 13 98
12 18 53
20 17 65
10 19 66
18 11 54
13 15 51
15 17 92
14 14 57
16 18 96
15 12 92
19 10 95
20 14 55
14 17 96
12 20 79
19 16 52
15 20 65
17 17 51
14 11 100
17 17 98
10 20 79
14 12 72
17 15 61
20 10 87
17 17 64
17 17 84
18 17 63
19 15 79
13 12 69
11 16 57
10 19 94
15 20 75
19 10 55
10 11 98
14 14 53
11 18 57
16 11 58
11 12 74
12 19 60
13 20 58
19 14 97
14 16 63
18 18 65
16 10 92
13 18 76
10 14 84
12 20 58
16 10 85
13 13 88
17 18 73
17 13 77
