180 180
8 5
4 6
9 6
5 7
10 6
7 10
4 3
3 2
2 5
5 4
1 3
2 9
3 7
10 3
5 10
6 2
1 4
2 5
2 8
9 5
10 7
8 10
7 6
8 6
4 2
10 4
3 10
2 4
2 1
8 1
6 2
9 3
1 2
1 1
2 1
10 4
9 2
7 1
3 9
4 8
6 2
5 10
3 6
7 7
1 4
3 2
9 1
1 4
8 7
1 7
10 10
8 10
9 4
5 5
1 6
3 10
7 9
4 1
5 4
4 7
8 8
3 2
3 6
3 8
9 10
5 4
6 4
2 9
6 10
4 2
9 4
5 2
9 5
10 6
2 4
9 5
10 9
8 5
9 10
3 4
7 9
1 2
2 2
4 8
7 9
4 5
3 9
8 7
10 5
2 5
2 8
8 4
6 6
5 7
5 1
4 8
4 9
2 1
9 4
3 4
2 2
8 8
10 8
9 10
1 7
10 6
7 7
4 7
2 4
3 7
7 8
5 4
8 8
8 1
2 5
3 9
6 7
8 2
4 2
3 1
7 7
6 1
2 2
1 1
5 4
10 9
7 4
8 7
8 10
9 9
6 4
7 1
7 2
7 5
3 6
10 2
2 2
2 7
3 2
4 9
7 10
4 2
9 4
2 2
5 10
8 10
4 10
4 5
10 8
5 1
5 7
5 7
5 10
6 9
1 9
5 10
5 3
5 5
1 8
6 7
2 4
8 2
9 4
1 10
5 3
7 2
1 3
4 7
7 6
3 8
9 5
4 6
9 9
5 5
6 9
3 7
2 10
5 6
1 1
7 3
15 19 62
14 18 64
10 16 92
19 17 91
14 16 98
12 18 93
17 16 52
11 18 75
17 20 56
13 19 62
13 10 70
19 20 62
16 11 50
13 12 61
10 15 88
11 19 83
10 19 84
20 20 86
13 13 93
14 10 51
10 20 99
11 12 89
10 14 82
19 11 82
18 20 100
13 14 60
11 15 52
17 11 77
11 13 70
19 14 55
17 17 81
15 11 74
11 19 85
18 19 76
12 17 63
16 20 59
10 11 68
12 12 73
18 17 78
12 17 51
15 14 60
19 17 58
20 10 62
20 17 70
10 15 58
15 13 61
17 15 89
18 12 86
13 14 69
17 10 70
10 14 57
17 13 55
11 14 50
14 16 81
13 19 80
16 18 74
12 20 63
18 16 90
18 19 66
11 18 75
19 13 86
16 19 64
16 14 67
19 11 59
15 10 73
16 16 52
10 18 56
10 19 58
20 16 59
19 17 99
11 12 94
19 14 87
12 12 63
12 20 55
18 17 86
17 11 69
15 20 95
18 18 64
14 18 88
13 15 60
13 15 76
18 14 82
17 16 100
15 20 70
16 12 75
14 20 81
10 11 93
13 14 80
20 15 85
10 14 71
13 16 50
15 16 54
18 19 78
12 20 55
19 20 84
11 13 68
11 11 88
19 12 66
17 10 90
19 14 74
10 20 64
11 11 98
10 16 75
18 18 100
15 13 94
20 17 98
18 19 61
11 20 69
19 18 74
20 13 72
17 11 64
12 17 63
18 11 50
10 16 74
12 11 87
18 18 91
14 12 69
15 15 63
19 13 81
17 17 92
19 17 98
11 19 99
10 16 91
10 10 82
19 18 68
10 18 76
10 20 76
10 11 51
15 20 56
18 20 59
18 15 61
12 16 67
18 20 94
14 12 92
20 17 55
17 14 82
18 11 55
16 14 79
19 20 60
10 15 58
11 12 94
13 14 62
10 11 92
10 11 87
18 15 68
18 14 77
12 12 76
16 12 99
11 15 80
19 16 51
19 11 84
19 11 67
10 15 97
16 17 76
18 16 100
10 20 89
20 19 55
12 19 81
20 12 93
14 16 82
20 15 74
10 19 99
12 12 87
13 20 54
19 18 78
20 12 69
10 20 90
10 15 76
16 19 50
14 19 87
20 18 53
14 11 82
16 17 53
15 18 97
17 18 68
14 10 70
15 18 97
14 18 75
16 20 76
13 11 96
