210 210
10 10
3 9
1 1
4 7
9 2
3 10
3 4
10 5
7 8
6 2
2 8
5 1
4 9
4 3
8 8
6 6
7 8
3 8
1 6
4 8
10 3
7 6
7 2
10 7
2 9
5 7
10 1
5 4
9 7
7 6
3 3
5 9
2 1
7 7
6 6
2 5
1 1
8 1
8 9
8 7
7 3
6 1
9 1
8 4
1 8
5 4
10 4
3 9
9 9
9 3
4 8
6 6
10 2
2 1
4 5
3 7
8 1
10 9
4 8
9 7
2 5
7 6
9 6
1 6
5 5
4 4
7 10
7 4
3 8
1 2
6 3
6 3
3 4
3 3
7 6
5 9
4 4
1 4
7 10
4 7
5 1
10 2
9 8
2 1
8 10
10 9
1 4
8 2
3 2
4 3
9 10
9 9
5 3
3 7
1 9
10 4
2 6
2 1
8 6
6 10
1 1
5 8
2 3
8 7
6 3
6 6
2 1
5 7
10 10
8 2
1 4
4 9
7 6
1 7
7 7
9 9
8 7
7 5
4 6
4 4
10 5
3 1
7 3
2 3
10 8
5 1
5 1
4 3
7 5
9 3
6 1
10 2
10 3
6 9
7 2
9 7
7 1
6 1
9 7
7 3
1 7
3 10
8 2
6 3
6 3
1 7
2 10
10 6
2 1
4 10
5 3
1 2
6 5
6 3
2 6
2 1
1 1
3 5
10 2
9 3
10 6
9 3
4 4
3 4
7 5
8 1
7 8
1 3
6 6
6 1
10 7
2 8
8 2
1 8
8 8
3 4
9 8
5 5
6 9
1 1
7 4
6 9
10 9
4 7
8 8
7 5
8 7
7 2
3 8
5 5
8 1
4 7
5 1
9 8
10 1
7 7
3 4
1 9
4 8
8 8
5 10
2 2
6 4
4 9
4 7
5 10
5 1
3 9
7 5
3 4
18 17 84
19 18 51
14 18 91
13 15 71
18 19 75
11 14 81
17 19 74
15 19 74
19 19 55
17 14 52
17 15 67
11 14 74
20 17 90
18 13 79
13 11 85
18 18 85
13 17 62
10 16 84
19 17 64
10 14 75
19 13 68
20 10 78
15 19 87
19 17 51
15 18 72
19 18 51
12 15 53
14 19 84
17 17 52
16 11 83
17 10 62
15 13 76
12 14 68
11 17 86
12 10 63
13 16 100
10 15 75
13 15 87
20 15 92
12 10 64
18 19 90
17 20 99
12 17 79
10 15 75
14 20 91
13 17 87
14 13 55
19 14 97
16 19 67
20 13 51
12 13 59
16 15 54
19 13 97
20 17 96
13 17 92
17 12 68
10 14 55
19 13 82
14 10 68
11 12 52
19 13 86
15 12 79
11 18 64
17 12 71
13 10 88
20 19 62
20 20 75
10 20 93
12 12 82
12 18 87
17 18 88
12 19 92
11 12 97
16 19 69
14 13 63
12 18 57
13 18 87
16 11 84
12 16 75
20 18 96
10 15 76
19 14 96
16 16 70
11 11 57
20 15 93
15 12 74
19 19 98
19 19 87
18 15 87
10 20 72
18 19 77
16 12 51
10 18 81
15 10 96
10 18 89
12 20 97
12 11 98
11 10 66
18 15 84
14 15 90
19 18 89
13 12 55
18 17 76
11 13 90
19 16 91
13 15 99
18 15 87
19 14 84
16 19 88
14 16 74
17 14 95
15 20 93
11 12 92
20 19 51
13 18 73
18 14 74
10 20 76
13 15 60
10 18 51
18 17 73
17 19 78
15 20 94
11 15 59
16 10 65
17 14 50
11 17 82
14 12 83
13 17 69
15 19 55
12 16 97
13 14 79
10 19 55
17 12 92
15 10 82
16 10 86
12 10 68
13 18 84
10 13 86
11 18 60
11 14 100
12 10 62
14 14 62
15 17 97
18 14 87
19 10 51
13 17 54
17 10 52
14 20 71
15 16 64
18 15 76
14 17 73
18 19 58
11 14 76
20 19 91
17 14 75
11 17 85
14 15 70
16 10 63
20 12 88
17 16 66
17 12 84
16 12 81
11 13 98
18 16 56
12 20 73
19 13 66
17 17 50
17 11 79
10 20 60
10 15 51
10 10 55
13 12 83
10 11 69
18 11 58
17 17 54
19 10 92
20 11 70
16 16 98
20 20 66
14 12 94
18 12 86
10 13 62
10 10 54
20 20 77
13 14 58
11 11 53
15 19 62
15 20 88
12 13 100
19 20 60
10 19 80
20 10 96
18 16 58
14 14 87
15 19 81
12 20 82
11 16 69
17 15 94
14 13 99
15 15 86
13 10 68
17 16 52
11 17 60
17 20 60
19 17 62
13 15 59
12 10 79
12 13 71
12 18 74
11 19 58
