240 240
1 7
5 6
9 10
10 9
3 2
4 3
7 2
10 4
1 4
4 9
10 7
10 3
7 7
7 3
9 10
4 5
2 8
7 6
3 7
1 2
6 4
10 1
10 2
10 2
9 4
9 7
1 5
7 6
10 8
10 7
3 9
8 6
1 10
9 2
1 5
2 4
2 4
4 10
9 1
8 3
5 3
7 1
9 1
2 3
6 2
1 2
3 9
10 3
4 1
1 10
7 3
10 7
9 10
8 2
10 1
8 7
8 9
8 1
10 1
2 7
10 1
8 9
2 2
2 3
6 8
2 3
1 5
9 3
8 9
9 4
9 3
9 5
6 7
2 4
9 4
5 1
1 6
4 3
6 2
9 2
5 9
7 7
6 10
8 5
6 4
1 1
7 8
4 3
7 9
8 9
2 2
4 8
1 7
1 5
3 4
6 7
9 8
2 4
2 5
4 10
4 6
2 3
9 5
8 6
2 7
1 6
5 8
8 6
7 1
8 1
4 7
7 6
3 2
5 7
4 2
9 9
10 5
9 7
7 1
2 7
2 5
5 8
9 9
3 4
6 8
7 4
10 3
6 6
4 7
10 10
4 3
6 7
2 5
5 6
4 1
5 7
4 2
2 5
9 7
1 10
3 7
7 2
4 1
1 10
4 7
8 9
6 9
5 4
4 2
4 7
1 9
10 1
2 3
10 4
4 10
7 1
10 8
9 2
7 7
1 4
3 6
10 1
7 6
8 8
10 1
5 4
1 8
2 8
10 7
4 7
3 7
5 6
8 6
8 8
4 6
7 9
1 1
2 8
1 10
10 2
2 9
5 9
10 2
7 1
9 7
3 8
2 8
6 1
3 8
1 5
6 1
6 1
7 8
10 5
4 4
8 3
1 2
3 7
2 5
5 4
10 7
6 8
9 3
2 7
9 3
9 2
4 6
8 4
7 1
3 6
3 7
8 5
4 3
8 3
10 7
3 8
7 2
2 7
10 3
10 1
1 10
4 4
5 2
1 5
6 8
7 6
9 2
6 4
3 7
10 8
3 5
8 10
9 4
5 6
4 7
4 5
6 3
3 9
4 1
3 4
15 12 83
17 15 65
20 20 68
10 15 67
13 18 77
14 20 69
15 10 87
16 10 62
16 16 100
18 10 93
11 14 69
12 14 100
13 16 83
20 13 74
19 19 78
17 12 53
14 20 96
12 17 84
18 20 59
17 16 86
17 17 52
20 12 63
14 17 92
17 13 64
12 14 75
12 11 63
11 12 59
16 13 72
15 19 89
16 19 50
13 14 52
10 13 58
18 12 81
16 10 64
16 18 98
17 16 89
13 10 76
10 15 69
10 13 97
16 19 92
16 16 99
16 19 91
12 15 60
18 10 97
12 13 91
12 20 86
19 20 73
11 13 50
14 19 57
11 17 92
15 14 90
10 15 57
12 11 79
15 20 77
10 15 97
15 11 76
14 17 98
15 13 62
16 15 82
20 20 86
17 12 74
14 19 93
18 17 85
15 17 72
11 16 80
11 20 52
10 10 97
19 11 99
15 15 70
18 11 99
10 19 63
13 15 97
15 11 64
15 16 78
20 11 99
19 16 71
12 13 50
10 12 72
15 12 57
14 11 61
19 12 67
20 10 66
15 19 83
13 11 82
11 18 91
14 17 57
14 15 77
20 20 55
16 19 63
17 12 69
14 15 75
20 20 58
18 15 77
16 15 74
19 16 56
19 18 64
11 13 63
12 20 73
12 10 53
19 10 85
12 19 75
11 15 66
10 11 60
17 13 65
14 19 52
17 10 75
14 16 83
15 20 85
15 13 98
11 10 51
16 13 95
19 20 65
10 18 61
12 17 94
10 18 77
17 14 65
17 15 87
16 16 90
11 12 62
14 13 66
15 12 94
13 13 72
13 17 86
15 13 94
17 20 83
11 15 78
19 19 90
20 20 51
15 14 89
12 14 83
15 18 53
19 15 84
10 14 67
13 14 83
11 18 89
15 18 60
16 19 99
19 14 59
20 20 79
20 14 96
14 10 89
19 17 74
12 19 76
13 17 51
20 13 91
19 10 68
11 11 82
13 11 99
15 11 88
18 20 68
17 16 74
18 12 89
11 14 72
19 13 79
12 13 60
16 11 54
20 11 91
17 15 85
19 19 95
12 11 55
11 11 71
16 18 77
11 17 71
17 15 66
18 12 67
19 11 83
10 10 59
10 20 66
20 19 65
13 19 51
20 11 88
13 11 57
16 10 66
12 11 86
11 20 79
20 14 80
14 11 75
19 18 70
11 16 89
14 19 55
14 16 54
14 14 69
16 10 51
12 15 55
19 15 67
13 18 60
19 11 52
16 13 96
11 14 53
15 14 79
20 18 52
11 10 71
15 20 53
19 20 100
13 13 98
19 15 56
18 12 74
15 12 96
13 18 72
10 14 89
16 16 94
17 11 89
19 12 67
18 14 74
10 17 67
14 10 54
17 17 66
18 10 57
16 13 68
10 19 96
17 16 97
16 13 82
13 16 91
16 16 58
19 19 55
12 15 67
10 17 74
19 18 95
18 14 66
19 15 70
17 20 71
11 20 74
19 11 51
15 16 81
10 19 66
17 13 62
10 18 90
11 14 71
17 13 94
15 10 69
16 19 76
18 11 67
16 14 50
13 18 78
10 18 91
13 11 68
17 20 56
18 15 76
16 15 67
15 15 53
