270 270
5 2
7 4
8 7
5 6
4 10
8 2
10 7
2 1
2 1
3 8
1 8
5 3
5 6
7 7
9 2
10 6
1 3
10 4
8 8
5 10
4 1
1 2
4 4
10 10
5 7
2 4
1 10
8 5
1 3
8 10
3 3
4 4
5 10
4 5
4 8
6 7
6 7
7 3
8 5
10 10
1 8
4 6
3 8
1 6
7 4
8 10
9 4
8 6
9 8
3 2
8 6
9 2
8 7
3 9
5 8
8 4
3 9
7 1
10 3
1 9
7 10
3 3
1 5
10 10
5 7
5 4
8 8
10 8
6 9
1 2
10 2
7 5
8 6
8 8
10 7
6 10
6 4
8 10
1 10
5 4
4 5
7 10
5 3
10 4
4 8
1 9
1 6
3 6
5 3
4 6
1 4
4 9
5 2
10 3
8 9
7 3
7 2
10 1
7 5
10 2
5 8
8 8
8 3
6 7
5 5
7 2
7 7
4 10
7 1
2 10
2 3
9 7
4 3
2 5
7 1
6 5
5 1
3 5
6 4
9 6
2 2
3 2
3 8
7 2
4 5
2 10
9 3
4 2
3 7
7 6
5 5
3 1
9 5
3 2
8 3
2 2
8 9
9 2
3 2
10 7
5 10
1 6
2 5
2 3
3 7
3 1
3 8
3 2
3 10
2 2
9 1
1 5
8 6
3 3
3 2
7 4
2 1
1 6
6 5
6 10
10 10
10 8
3 4
8 8
1 1
9 2
8 4
8 4
5 1
7 8
3 10
2 9
3 2
6 6
8 2
7 2
8 3
7 9
1 4
5 7
10 10
1 2
8 6
10 8
4 3
2 1
2 8
2 8
8 2
4 9
4 3
1 2
4 2
2 3
9 1
9 3
5 8
10 10
2 1
9 7
8 8
7 10
9 9
7 9
9 4
8 8
2 7
7 8
6 9
1 6
7 5
6 2
2 5
2 5
3 8
4 2
1 4
8 9
1 9
7 2
7 10
7 1
1 10
1 7
3 4
8 3
10 1
6 2
2 9
2 3
1 4
4 4
5 3
9 9
3 7
10 3
3 7
8 5
4 8
9 6
4 4
4 4
6 4
4 2
3 2
8 5
1 10
2 2
1 3
8 4
5 9
10 3
10 4
9 6
3 1
10 8
2 4
10 8
7 2
1 7
6 2
7 9
3 4
5 2
4 6
6 2
3 4
4 2
2 7
3 9
16 15 56
10 19 56
10 13 58
18 20 54
20 16 55
11 14 64
17 15 51
14 20 98
15 16 100
18 12 56
13 19 51
19 11 74
20 13 57
15 17 86
10 12 69
19 11 78
11 17 79
13 13 76
15 19 75
11 10 60
17 20 93
11 18 77
16 12 92
11 11 57
14 15 67
16 15 54
11 11 56
14 13 61
16 17 72
18 11 78
15 12 93
14 14 87
12 18 70
12 17 77
13 11 56
13 14 70
14 13 86
10 10 95
14 19 75
14 11 95
14 20 96
10 16 83
20 12 74
10 10 82
19 18 78
18 19 81
16 16 79
16 18 54
14 17 93
14 20 94
18 15 88
13 17 84
14 18 52
13 17 91
17 14 67
11 15 91
16 20 53
12 15 72
17 15 100
12 13 94
10 13 85
11 13 96
14 20 83
18 13 85
16 20 56
15 19 73
20 12 60
15 11 64
19 11 60
20 18 85
20 16 100
13 14 50
14 14 82
15 14 65
13 16 77
16 13 88
11 13 85
14 17 67
19 16 69
16 12 83
14 16 69
11 10 92
17 11 83
14 20 91
15 15 95
19 15 68
18 18 90
19 19 59
11 19 79
13 14 60
15 11 67
17 17 90
12 17 100
17 20 77
13 20 98
10 14 98
12 11 72
20 17 99
12 11 77
11 17 78
19 12 53
11 10 77
15 15 89
10 11 66
18 15 54
11 12 71
19 18 65
10 19 69
14 15 67
15 13 90
16 12 60
15 16 100
10 19 87
18 17 75
15 17 68
14 13 97
12 19 76
17 20 55
14 12 78
11 10 71
15 15 80
14 10 52
18 12 75
12 19 90
17 11 78
16 18 62
19 20 56
19 10 75
14 17 84
17 19 100
20 15 52
13 18 76
12 14 66
10 17 51
15 20 83
11 12 55
19 20 53
18 20 73
14 18 68
16 15 71
20 19 56
11 11 83
12 14 54
18 10 50
12 20 60
18 10 60
18 19 78
14 15 59
18 16 50
18 13 52
13 12 65
12 19 51
10 14 53
13 14 71
10 16 68
17 15 88
14 17 69
13 15 94
20 20 89
13 20 91
20 19 52
14 10 57
13 13 99
10 19 64
16 20 51
11 18 64
16 19 69
19 13 67
11 15 77
20 19 54
18 17 51
16 19 61
19 14 67
16 17 76
17 15 94
20 11 81
20 11 77
20 11 84
10 15 96
18 15 73
15 17 97
17 12 83
19 14 89
18 18 65
13 18 83
14 15 70
17 20 84
18 20 60
12 14 65
20 13 99
17 19 60
18 20 93
18 19 75
13 17 73
12 19 72
15 18 73
10 20 67
15 19 81
15 17 85
18 16 97
19 17 61
14 19 98
17 10 95
15 17 60
18 15 93
20 18 52
17 18 53
14 16 83
20 15 66
10 13 79
17 16 86
13 13 69
20 17 55
13 19 67
18 13 65
15 13 55
15 10 68
20 19 65
20 15 73
18 17 50
14 14 78
15 13 83
14 11 52
17 10 50
19 12 52
16 14 63
15 17 68
10 19 63
11 12 64
18 12 83
18 19 78
18 19 85
11 11 99
18 10 64
14 19 81
19 20 51
19 12 86
20 12 56
11 14 64
15 16 58
11 20 91
19 17 64
20 17 68
10 16 95
19 10 64
20 17 97
19 13 75
13 13 65
13 15 82
16 19 50
17 10 67
18 17 71
11 16 95
19 10 52
20 14 72
18 11 78
19 14 62
14 18 63
19 12 90
18 20 89
17 11 76
13 20 59
17 16 77
17 11 59
14 14 73
17 18 87
17 12 81
13 11 99
16 19 93
19 17 96
