300 300
6 7
7 5
2 10
8 6
1 10
7 4
1 9
5 3
4 10
5 2
1 10
7 10
7 4
1 4
1 10
1 9
10 2
2 6
9 6
9 1
5 1
9 1
4 6
9 8
9 3
4 9
10 9
8 7
2 5
2 5
8 3
2 6
3 6
3 9
7 9
5 4
7 1
6 5
4 5
8 5
5 2
2 7
10 7
1 4
3 3
9 5
7 9
9 5
5 9
3 1
4 1
6 5
8 3
4 7
10 2
6 6
8 2
5 9
3 8
2 7
8 5
8 2
6 4
5 5
10 5
10 1
5 1
8 10
5 6
10 2
10 5
3 1
8 5
9 5
5 2
3 4
9 5
9 1
6 10
5 1
5 4
5 7
5 1
10 3
1 6
5 3
6 10
7 5
9 9
2 2
2 4
8 7
8 10
1 2
9 4
2 6
2 5
5 4
6 2
8 2
8 6
4 6
10 5
9 3
5 5
8 4
7 4
5 6
3 9
4 3
2 2
7 9
6 9
6 9
10 1
5 10
1 9
2 2
2 5
9 3
9 6
2 9
5 3
6 10
3 9
8 9
10 4
2 8
9 7
4 6
4 4
7 7
4 9
9 2
10 2
5 10
10 2
5 8
9 3
9 4
7 8
8 2
9 6
5 6
10 9
1 10
10 7
5 2
7 1
8 10
6 3
8 8
9 6
8 9
1 10
6 9
6 2
5 8
5 10
3 6
1 8
7 6
4 2
2 7
5 3
1 4
2 6
2 10
4 2
10 8
10 2
6 4
9 6
8 5
8 3
7 9
4 10
4 9
4 10
3 2
8 9
5 9
5 2
9 8
5 8
7 7
1 2
7 5
3 2
5 3
9 4
2 6
6 8
10 5
2 7
3 10
4 1
3 4
2 2
4 7
6 1
10 10
6 3
8 8
3 10
7 4
10 8
5 1
9 10
8 1
10 9
10 10
7 8
3 7
2 6
9 8
1 8
6 1
2 7
5 2
7 3
4 4
6 4
9 2
4 6
10 3
9 9
4 6
10 9
8 10
1 5
7 4
10 5
1 1
7 3
10 5
1 6
4 4
6 10
4 8
2 6
2 10
3 10
5 3
7 5
10 2
9 1
1 1
9 4
2 7
3 1
6 10
8 10
8 7
10 5
5 4
5 3
8 7
10 4
5 4
9 1
2 4
1 3
1 9
8 4
4 4
5 5
9 7
1 9
8 7
9 10
1 1
2 7
10 5
10 5
7 5
5 10
2 6
9 4
1 10
6 8
1 8
3 5
7 9
6 7
10 1
5 2
8 6
5 9
7 6
3 10
2 10
4 6
4 10
4 4
10 10
2 9
5 1
6 4
9 5
19 11 53
17 14 50
16 20 73
19 14 93
15 17 54
15 13 75
19 18 82
20 16 69
17 11 72
16 19 91
16 15 86
15 17 51
15 14 52
11 19 70
10 18 51
17 18 69
20 10 73
14 17 80
16 11 57
13 20 92
14 13 96
14 17 80
18 18 94
20 19 75
10 13 63
20 20 92
10 19 73
19 11 94
10 20 91
14 18 85
18 11 59
20 14 72
12 15 56
14 17 61
10 11 55
19 11 52
12 18 72
19 10 95
15 17 69
18 16 55
13 17 96
18 11 100
17 19 53
12 12 89
16 19 82
15 15 74
18 15 98
15 18 53
18 18 82
17 16 100
20 12 77
10 18 53
10 18 63
20 12 79
19 18 97
18 12 86
18 16 64
12 12 52
19 12 80
11 15 61
13 19 83
15 15 51
14 11 84
10 11 75
15 13 83
16 16 59
13 11 53
18 12 70
13 18 92
16 11 64
19 16 76
16 10 92
18 12 56
13 10 99
13 13 58
15 11 95
11 20 92
15 14 65
10 11 88
18 12 86
20 15 85
15 11 75
18 13 82
16 20 71
16 19 73
17 17 96
13 14 100
14 15 62
18 10 85
12 16 64
11 15 69
10 14 66
19 11 64
12 10 75
20 16 98
10 16 76
13 13 70
12 15 79
15 18 73
14 20 67
12 18 78
17 17 79
10 18 77
12 10 68
18 12 84
20 18 96
14 14 85
20 16 52
14 18 65
19 10 100
15 15 56
15 14 62
18 20 85
10 19 96
16 10 98
17 12 73
13 11 74
12 16 81
15 17 57
10 14 75
13 10 62
12 15 85
10 10 60
12 10 57
19 12 64
19 10 58
14 20 92
20 11 98
20 13 51
16 19 63
16 14 56
11 13 77
14 20 84
13 16 73
18 11 84
18 17 86
11 14 51
11 17 81
10 14 69
11 17 92
11 10 56
16 18 95
13 18 65
12 20 58
20 19 63
19 10 70
19 14 71
10 17 63
10 12 96
10 16 90
19 15 68
10 12 95
11 15 76
10 18 71
16 12 50
11 10 74
10 14 100
17 19 96
13 10 82
13 16 82
10 14 83
15 15 80
11 17 51
14 10 81
19 20 81
14 10 73
14 14 84
15 18 63
14 12 57
14 13 81
12 16 88
13 14 50
10 13 59
17 18 67
15 10 81
12 14 66
15 14 99
17 17 89
16 13 59
20 12 71
20 20 59
13 14 50
17 20 84
14 12 73
13 18 63
20 18 94
18 11 71
18 15 97
17 11 87
10 14 78
20 12 97
17 16 100
19 20 56
19 18 51
11 20 80
19 13 93
19 11 69
19 18 68
19 17 81
20 16 53
15 19 94
14 12 71
11 10 74
17 17 55
12 12 55
15 10 99
18 19 62
18 12 75
20 15 70
18 16 72
16 18 100
12 11 56
12 10 88
14 16 63
13 12 90
18 15 52
14 18 75
13 19 85
12 15 92
17 10 70
14 11 86
16 20 92
18 12 77
16 12 57
12 11 59
15 17 91
16 15 61
11 13 73
19 19 74
11 13 81
20 13 79
14 17 52
11 11 98
20 14 69
10 17 57
14 13 93
15 18 63
20 11 74
11 18 66
18 13 91
18 10 88
10 14 83
17 19 76
20 20 70
10 16 71
13 15 61
20 17 91
10 12 93
18 12 50
20 11 53
11 17 92
11 17 62
14 14 57
10 19 93
15 12 53
12 13 94
18 17 76
13 19 63
16 20 67
14 19 77
12 12 64
17 10 99
13 12 75
13 16 55
10 14 75
14 15 89
19 15 97
11 16 58
10 12 80
12 19 81
13 12 69
11 17 69
17 15 65
16 13 87
15 16 74
19 14 93
17 14 67
17 13 99
14 14 52
17 17 83
12 19 56
20 11 86
15 16 77
15 19 76
12 12 100
16 14 93
20 11 51
16 12 53
17 17 83
19 11 69
20 11 54
19 10 72
14 20 81
17 12 76
12 14 100
12 12 51
15 10 71
10 15 70
20 18 99
13 20 81
