330 330
1 9
10 4
5 7
5 4
9 5
5 3
1 4
8 4
4 8
7 9
10 2
8 4
6 4
2 2
6 1
2 10
10 10
2 8
1 7
8 8
7 9
10 9
6 8
10 1
4 4
5 5
4 7
7 4
9 3
5 2
6 1
8 6
9 8
3 8
3 9
1 3
9 3
3 1
8 8
3 8
7 9
5 9
7 3
7 1
3 4
2 10
7 7
2 2
3 3
4 2
1 1
10 4
5 7
7 5
5 8
1 6
10 4
3 1
6 2
6 6
1 7
4 5
10 2
6 7
7 3
9 2
2 2
1 4
6 6
6 10
9 4
3 2
4 1
8 9
6 2
5 7
8 7
10 6
9 2
10 4
9 3
6 9
4 3
5 8
7 7
2 9
9 8
3 6
8 6
9 6
2 6
3 9
2 6
3 8
3 1
8 8
6 6
10 6
6 7
1 1
9 2
9 2
1 8
2 5
4 5
2 1
7 9
2 8
8 8
2 1
2 8
2 10
6 8
1 3
4 2
8 4
9 3
6 8
9 9
2 7
8 6
3 10
1 8
6 2
8 3
1 7
7 4
8 3
8 10
7 2
5 7
4 7
7 7
1 5
2 3
7 8
8 5
10 9
1 7
4 9
10 7
6 6
10 10
3 5
5 7
5 1
9 8
5 5
10 3
4 2
1 1
1 6
3 3
10 4
4 3
10 1
7 8
3 4
1 6
4 7
7 4
2 9
3 10
4 3
6 9
2 8
4 4
3 7
10 2
10 10
5 3
6 4
5 4
9 6
4 10
10 3
3 6
7 3
10 5
8 5
9 7
8 6
7 2
5 1
4 5
2 10
8 6
7 8
6 10
5 9
7 1
9 10
6 1
8 4
2 4
2 2
7 7
2 7
7 2
4 9
1 7
6 6
1 7
1 4
9 1
2 4
1 9
1 9
1 8
7 7
7 8
4 10
7 8
2 7
6 1
8 6
9 5
4 6
9 6
4 5
10 1
8 1
4 8
7 2
5 10
9 6
3 10
8 5
1 4
4 10
6 5
3 10
1 4
8 7
4 8
3 7
7 1
2 3
6 3
7 9
6 2
10 2
5 8
5 2
6 6
5 7
6 1
10 10
9 9
5 6
1 4
7 6
5 6
9 1
5 7
6 9
5 10
2 3
7 9
4 1
3 5
6 8
7 8
10 9
9 9
3 9
10 4
7 8
8 4
7 8
8 7
8 6
2 9
2 6
10 10
4 8
7 8
1 10
6 4
6 9
6 1
6 3
9 8
6 4
7 1
10 5
10 1
8 1
7 5
8 4
8 6
2 6
10 1
8 10
2 1
9 9
8 5
6 1
9 2
4 6
9 1
3 1
3 10
5 2
9 10
8 6
7 3
7 9
6 8
9 1
3 7
7 8
5 5
6 6
10 6
7 7
9 7
10 5
6 10
7 6
6 9
7 1
1 9
9 7
3 4
6 2
2 10
3 8
7 4
9 1
12 11 56
18 18 88
13 13 51
14 15 88
18 20 94
10 20 70
20 14 75
20 15 94
12 16 70
19 20 73
13 16 52
10 17 96
12 13 59
12 10 86
17 18 62
12 10 72
15 14 54
14 17 71
17 12 91
11 10 53
17 11 75
11 13 87
10 15 54
10 14 88
10 10 73
10 11 78
19 20 63
19 14 87
15 11 79
20 20 88
11 19 52
10 14 61
16 14 100
14 12 89
11 12 70
17 11 73
10 12 72
20 16 68
16 10 74
18 12 92
13 10 90
12 18 72
15 16 85
13 20 95
18 18 61
14 19 66
15 10 75
10 17 51
13 16 69
20 14 82
12 17 55
14 20 67
12 10 95
20 12 97
18 18 60
18 12 85
17 15 81
11 12 73
17 17 94
12 16 74
11 20 90
20 14 85
17 18 94
14 17 68
16 15 80
20 12 51
17 17 52
19 17 92
17 17 100
19 14 61
17 12 76
20 14 58
15 14 92
18 11 85
11 14 79
19 13 66
10 14 89
15 18 58
17 14 96
20 13 57
15 13 52
20 14 60
18 12 67
13 16 63
10 19 95
15 11 56
15 13 79
11 11 63
11 10 67
20 10 87
13 14 88
17 15 97
12 16 62
19 10 59
11 14 61
15 18 53
18 14 74
12 17 78
15 17 61
17 20 89
19 10 82
10 16 60
18 12 65
13 13 74
10 20 88
10 18 77
19 20 61
11 18 72
10 17 65
15 13 94
19 16 65
16 20 62
16 13 86
14 15 88
10 13 75
12 13 65
17 18 74
12 18 58
14 12 87
19 16 78
11 18 52
19 10 83
14 11 83
12 18 53
16 11 83
18 15 65
16 15 85
17 20 52
19 20 99
14 16 99
11 17 54
15 18 98
10 17 54
20 15 53
16 10 91
12 17 76
17 17 100
12 17 55
13 11 81
13 17 54
14 20 84
18 13 64
15 16 88
11 10 81
10 14 63
10 16 60
14 10 66
15 11 82
11 17 83
14 12 61
14 15 59
12 19 91
13 17 94
19 17 62
12 15 60
14 15 63
16 19 93
16 18 73
11 12 79
10 16 61
14 20 90
20 20 84
16 15 53
15 12 59
13 19 75
14 10 70
14 15 84
13 19 75
14 10 92
14 18 64
13 18 71
17 17 99
17 19 90
18 13 89
13 19 58
10 11 77
15 20 76
19 19 52
18 18 73
10 13 55
13 19 52
10 12 54
16 16 81
19 16 95
16 11 84
11 13 62
12 12 60
10 14 69
12 10 52
17 13 71
12 13 55
13 10 71
18 13 62
17 16 95
16 13 93
10 10 100
11 17 84
19 10 96
15 10 89
11 19 93
10 15 67
14 13 82
10 18 78
17 17 59
16 18 82
15 13 90
17 20 96
16 17 78
16 16 66
16 13 79
15 20 67
20 16 76
15 10 86
13 13 53
15 12 56
20 12 54
19 12 89
12 18 95
12 19 75
17 11 73
16 19 58
19 11 95
18 18 99
20 14 56
17 10 61
15 16 50
17 13 58
18 12 89
11 14 50
11 17 61
19 12 83
11 10 97
12 18 89
19 15 77
14 11 87
20 20 60
10 12 65
13 12 85
18 15 88
13 19 64
19 14 76
11 13 94
13 14 64
10 13 55
11 19 88
16 17 55
18 14 91
18 20 100
16 13 86
17 11 91
19 11 77
17 14 84
20 11 80
13 20 82
14 17 84
13 15 94
11 15 67
15 13 79
10 11 91
19 16 50
20 18 94
10 16 80
10 13 82
19 20 83
14 11 92
13 14 63
15 17 56
14 10 73
19 15 57
19 19 55
14 11 53
18 18 66
18 11 89
19 11 79
18 11 75
13 14 81
17 10 55
17 15 60
17 18 60
12 13 68
12 14 86
13 20 74
14 15 90
19 12 84
13 11 91
11 14 52
17 14 82
16 17 76
19 18 72
20 20 79
15 12 67
10 10 60
10 16 81
11 16 62
15 12 97
14 12 63
13 11 62
12 18 82
17 14 84
10 10 96
10 11 76
20 17 65
12 16 57
12 19 76
15 10 54
12 15 65
18 20 90
13 12 81
18 19 55
19 11 99
14 19 50
18 15 53
12 11 83
12 19 56
13 12 100
16 18 50
20 13 88
15 15 82
18 17 96
12 12 64
15 19 88
13 17 77
15 20 56
10 14 98
19 19 79
18 10 98
11 19 81
10 17 80
15 14 70
10 10 94
