360 360
3 8
8 5
6 8
5 4
2 10
4 3
9 4
2 7
6 9
3 8
1 2
6 3
1 8
10 7
10 9
3 6
5 5
10 3
2 9
7 3
9 3
2 6
10 6
7 3
1 8
5 8
6 6
1 10
8 2
7 10
7 8
4 5
1 10
2 4
9 10
4 5
4 3
4 1
2 1
6 7
9 1
10 6
4 5
6 6
5 5
7 1
10 5
2 8
2 9
9 5
7 4
4 4
9 6
3 9
7 1
7 6
2 6
4 5
5 6
9 5
3 1
1 2
5 3
4 4
9 5
3 1
9 1
4 5
8 4
2 10
8 8
2 3
7 10
6 6
4 7
10 10
8 3
6 3
3 7
5 4
3 7
10 2
2 1
10 10
10 6
8 10
1 7
3 9
2 10
7 10
6 6
5 8
9 6
6 5
7 5
4 10
5 2
6 6
9 1
1 7
9 10
6 5
5 6
8 1
2 10
5 5
6 4
6 5
6 2
10 2
2 5
1 8
7 8
7 6
2 8
7 8
8 7
8 10
7 5
1 10
8 2
1 2
2 10
10 10
5 8
5 6
10 1
10 4
9 5
3 4
2 9
1 2
5 8
6 3
4 6
1 4
9 4
8 7
6 7
3 9
5 5
4 8
10 1
2 1
3 8
9 3
10 3
8 3
2 9
3 7
2 6
2 5
8 7
4 10
6 2
5 6
4 10
3 10
6 10
1 4
8 10
3 2
6 9
10 8
10 8
7 3
5 5
1 1
7 7
4 7
3 9
2 10
7 6
5 10
7 1
4 6
6 6
10 2
2 9
8 3
3 4
5 1
5 4
1 7
6 8
3 2
7 1
2 2
3 4
5 5
3 2
10 8
6 3
7 2
10 1
10 9
6 1
1 6
9 1
5 4
4 8
9 6
4 2
6 10
7 2
8 6
7 5
7 9
9 6
10 3
3 7
9 1
5 6
3 3
4 10
8 4
3 2
8 5
8 2
7 3
5 7
10 3
3 10
6 1
10 4
5 10
2 4
8 10
4 5
9 7
2 7
3 5
1 8
2 7
9 9
6 8
10 5
10 7
9 9
2 1
1 6
8 9
6 7
3 8
1 5
1 8
5 6
3 5
1 2
4 5
1 1
8 4
10 10
10 9
2 7
7 2
5 9
5 5
2 4
1 8
7 5
3 8
9 7
3 7
8 7
8 4
8 8
8 2
1 1
2 1
8 7
10 3
8 4
1 3
10 1
5 5
10 8
4 9
3 3
7 4
3 9
3 9
6 10
5 10
1 6
7 10
10 10
7 7
3 5
6 9
4 4
3 10
6 10
10 6
6 8
6 8
2 4
5 2
8 6
4 1
3 2
3 10
6 7
2 7
1 5
2 1
3 7
3 7
9 6
10 7
1 5
10 6
1 5
9 2
7 1
4 10
3 9
9 1
4 6
5 1
2 4
4 6
3 5
6 4
10 2
5 10
8 1
10 10
2 8
7 8
7 4
1 3
3 4
4 5
4 8
5 5
9 3
4 2
10 8
2 10
5 4
7 8
4 10
9 5
6 5
1 8
5 5
1 3
1 10
9 5
7 7
10 4
8 1
8 7
6 1
3 5
2 10
5 9
10 2
3 5
14 20 87
13 18 55
10 12 88
12 17 89
16 17 66
13 16 71
12 12 73
10 20 82
16 15 78
15 20 100
13 12 94
15 18 91
12 17 68
11 16 61
20 20 65
15 15 60
14 12 89
15 16 96
18 11 63
20 11 61
14 11 97
13 13 87
11 15 50
20 15 80
17 14 54
15 12 63
18 16 57
18 16 68
17 12 96
14 19 85
10 14 54
14 17 79
18 15 51
20 10 84
12 19 92
10 17 58
20 19 53
16 19 84
12 20 71
20 15 59
15 10 71
15 16 70
16 14 100
14 11 93
16 10 57
12 11 55
18 18 67
16 11 64
17 20 84
11 11 76
15 11 90
16 12 51
17 18 63
17 18 94
13 14 64
13 15 56
17 14 63
10 16 57
14 14 86
13 19 76
12 17 75
16 18 50
10 10 62
16 11 60
16 12 79
13 17 95
10 17 92
13 16 71
16 17 81
16 19 60
16 17 62
13 12 77
13 20 72
16 17 51
19 17 89
13 13 68
14 13 78
20 10 70
20 12 86
17 20 85
12 19 66
14 17 53
19 16 50
12 10 54
19 13 97
17 13 67
14 15 73
20 10 56
20 18 94
20 13 89
20 20 97
18 12 68
10 10 78
14 13 59
12 12 70
17 11 92
17 16 59
11 12 69
16 10 65
16 17 92
11 19 78
13 13 76
11 20 77
19 14 70
18 10 68
12 20 65
15 17 85
11 19 78
18 17 75
16 13 73
19 10 97
16 18 88
14 16 100
20 17 70
11 19 96
18 16 66
18 18 82
10 17 68
15 11 63
15 16 78
20 16 96
14 16 78
10 14 77
13 14 91
16 12 87
15 16 69
14 14 85
13 19 53
13 12 52
20 17 63
20 18 54
19 20 75
16 19 60
10 20 70
17 12 66
18 17 80
14 11 78
16 16 56
19 17 65
13 12 93
19 13 70
14 20 79
10 11 75
19 14 67
20 17 82
10 18 56
12 12 90
12 14 62
14 16 83
15 19 82
19 14 51
19 18 81
11 16 95
15 20 75
17 12 59
14 12 99
14 12 59
15 19 65
18 10 68
13 15 53
13 18 53
10 15 100
13 11 55
10 13 53
15 12 71
15 11 59
11 16 50
16 12 60
14 13 77
13 16 52
20 17 93
13 17 77
18 18 69
20 10 78
17 12 85
10 13 71
10 17 66
19 12 87
19 20 72
13 12 63
18 18 65
13 11 65
10 17 91
18 10 97
13 13 68
13 13 57
20 16 69
12 17 90
16 13 62
14 15 73
11 15 93
12 14 70
10 17 84
10 18 94
15 18 80
13 16 56
19 18 81
11 20 71
16 13 84
17 11 68
16 10 51
15 20 86
17 16 78
16 10 74
11 17 62
20 10 82
16 20 85
12 11 94
20 13 66
11 10 97
13 19 82
20 15 70
14 17 63
13 19 69
10 19 76
13 11 75
13 13 91
14 11 100
20 14 69
12 19 66
12 19 68
11 14 93
14 12 81
12 10 63
11 11 56
14 15 55
14 10 56
15 17 54
10 15 75
13 15 74
20 11 90
14 17 98
14 11 90
12 15 81
11 15 100
20 16 73
10 16 61
12 18 89
11 14 54
19 12 85
18 16 64
12 13 71
15 11 58
13 14 98
18 17 61
19 17 57
18 16 67
10 18 92
14 20 60
17 19 93
17 20 81
11 11 53
14 14 98
11 11 74
10 19 57
18 19 62
13 18 66
15 12 79
13 20 50
15 16 66
17 13 54
19 18 55
13 15 54
10 20 81
14 13 51
12 20 100
12 13 77
10 15 96
19 18 56
14 18 81
20 11 59
20 15 76
18 15 76
14 15 87
19 13 91
17 20 97
19 18 88
19 13 91
16 10 97
20 17 88
14 10 77
11 15 56
15 13 58
11 10 68
15 19 53
13 10 90
12 19 68
13 19 97
13 18 77
11 11 66
19 15 92
10 17 76
19 15 96
20 13 66
15 18 93
19 10 79
15 16 80
15 12 88
11 14 96
11 11 90
14 18 99
18 11 97
15 10 94
11 18 89
14 19 69
20 19 79
14 17 86
16 11 68
20 17 69
17 12 53
16 15 93
20 20 84
10 15 77
18 14 55
20 19 50
13 20 77
14 13 52
17 13 72
16 10 55
12 12 58
15 14 92
18 11 88
14 20 80
17 19 86
17 13 95
20 18 72
12 16 100
15 15 63
12 15 83
13 12 76
17 19 66
17 13 73
10 19 58
14 10 65
10 19 85
11 18 85
14 13 72
18 17 92
17 15 77
13 12 74
20 17 77
17 14 71
19 19 70
16 17 73
14 12 83
12 20 70
18 10 82
16 20 51
10 12 92
13 13 79
18 18 94
10 10 82
12 10 62
12 11 95
13 19 69
17 19 74
12 10 79
10 19 73
10 17 73
12 16 60
