550 550
4 9
10 4
9 5
7 4
9 4
3 7
7 7
1 10
4 1
9 10
7 4
3 3
2 10
4 10
2 8
2 9
3 7
9 9
6 4
1 9
1 5
4 9
7 6
2 1
1 6
2 3
5 5
3 2
9 5
6 3
1 5
3 1
7 7
1 10
6 7
9 4
9 5
3 9
8 4
1 8
4 2
7 6
4 5
6 3
5 4
4 10
10 4
5 4
1 3
3 7
9 4
10 1
1 7
3 7
4 10
2 8
4 3
3 5
5 6
4 4
8 10
4 3
4 4
1 3
9 5
2 6
3 8
2 3
6 3
9 2
5 8
1 5
9 3
5 1
3 5
7 5
2 4
9 1
7 5
10 3
3 5
7 5
9 3
4 2
8 2
5 3
5 1
5 2
8 4
5 3
2 9
6 8
1 1
1 1
7 6
4 7
1 6
1 5
6 7
8 8
7 3
8 3
5 5
5 4
5 6
5 4
9 2
7 8
10 3
9 5
2 7
10 3
1 7
3 8
6 10
7 6
6 7
4 4
1 4
7 2
8 2
8 9
2 6
1 8
1 9
1 3
8 3
6 8
4 9
1 3
10 4
8 2
4 3
10 8
5 4
3 5
4 1
6 7
1 7
10 5
4 9
7 9
1 1
8 4
5 1
7 5
5 1
1 10
1 6
4 4
7 2
6 5
2 4
4 8
6 3
3 10
1 4
3 4
1 7
7 6
8 3
1 3
6 8
10 5
2 2
8 9
4 6
10 4
3 10
6 1
2 1
5 7
4 1
9 1
6 4
4 5
10 9
5 7
3 5
8 10
8 2
10 8
1 2
9 9
8 7
9 3
9 8
8 2
10 9
8 2
9 5
2 4
7 3
1 9
2 10
4 3
5 2
10 2
2 9
2 8
6 10
2 9
4 8
3 1
6 10
5 4
3 5
7 2
8 1
9 6
8 7
4 6
6 4
2 10
2 2
10 3
1 9
2 8
6 7
9 9
4 5
10 9
6 4
4 2
9 7
7 3
3 1
3 8
10 8
10 3
8 1
9 2
5 8
10 3
8 7
10 2
1 8
10 8
3 2
4 3
6 3
6 4
1 5
1 9
1 2
5 10
10 8
6 4
3 7
9 9
10 2
3 2
5 4
5 3
9 2
6 6
1 8
8 7
3 10
10 9
5 8
9 9
9 4
2 7
1 1
9 5
2 5
7 6
10 3
2 1
2 6
4 6
7 8
7 8
5 3
4 9
9 8
10 10
6 6
3 4
10 3
1 4
3 10
4 5
9 1
9 6
8 9
6 2
9 5
9 3
2 2
1 5
9 1
9 3
5 5
2 6
8 6
8 10
9 1
1 3
4 3
9 8
3 7
9 8
2 7
3 9
4 8
1 2
10 7
7 10
6 10
4 5
10 1
10 4
5 10
4 8
8 10
2 6
5 2
3 10
4 7
6 9
9 7
3 3
1 2
2 4
1 4
6 1
7 10
8 8
2 10
4 4
7 4
1 9
10 6
10 1
8 8
7 7
9 4
1 8
9 7
1 7
3 1
7 4
4 3
1 5
7 2
5 4
10 9
4 4
3 2
7 3
9 4
6 9
7 3
9 10
2 4
4 7
7 3
2 5
8 6
4 10
2 6
9 5
9 6
9 9
2 9
1 10
10 8
8 7
2 6
2 6
1 7
1 8
9 9
8 6
6 10
3 1
3 9
7 4
6 10
10 1
6 5
8 7
5 1
2 5
10 4
4 4
10 7
3 1
10 9
7 4
4 3
1 5
2 9
4 4
6 1
7 9
6 5
9 9
8 3
1 4
7 4
7 6
10 2
9 1
9 5
6 8
10 1
3 2
6 9
3 5
5 2
3 1
9 4
3 8
2 1
7 10
1 8
4 7
3 8
2 5
5 10
7 1
9 1
4 6
7 8
5 5
3 2
10 2
9 4
7 8
1 7
7 9
4 1
10 5
3 8
3 9
6 7
6 6
1 9
7 9
9 4
3 4
9 2
6 5
10 6
2 7
8 9
7 10
5 1
7 1
7 10
2 10
10 1
5 6
7 4
7 4
8 5
2 2
5 5
6 10
2 3
2 8
7 3
6 4
8 7
1 3
1 6
3 2
10 10
4 6
6 2
9 2
6 4
5 6
9 10
4 7
7 4
3 6
1 10
3 10
2 10
10 7
8 7
3 7
5 10
5 10
10 2
4 3
6 4
3 8
7 2
2 1
6 1
3 5
1 9
6 8
1 2
2 7
6 3
5 8
10 4
1 3
3 7
6 1
5 9
4 2
9 10
10 7
9 10
8 1
3 8
3 6
6 5
9 1
3 3
4 5
5 9
10 10
10 8
8 7
2 10
10 5
2 1
9 8
2 7
5 3
1 1
5 2
1 6
7 6
1 7
7 10
6 6
10 7
9 7
6 4
4 7
2 8
9 5
5 7
1 10
10 5
8 1
2 6
1 10
8 9
5 10
5 5
17 11 64
16 20 61
16 11 85
19 14 66
20 19 95
18 12 63
10 20 100
10 20 99
18 19 73
12 15 77
17 16 90
10 13 87
18 11 59
10 20 97
16 12 69
15 12 97
19 17 94
19 15 57
18 17 92
19 12 88
16 17 51
14 15 77
11 18 53
15 18 72
16 13 69
14 19 92
15 12 89
11 15 95
13 12 57
14 20 85
12 17 53
18 14 78
16 17 91
13 11 90
10 15 74
15 17 62
20 18 94
13 10 81
18 19 51
11 15 63
13 10 99
11 12 72
18 14 92
15 10 77
16 16 98
10 19 61
10 16 61
11 19 93
14 19 92
18 13 55
17 11 94
14 15 75
16 13 89
10 16 91
18 14 58
10 14 90
18 12 56
11 18 56
16 15 73
12 10 79
17 17 94
12 15 73
10 12 72
16 13 57
13 10 77
19 17 69
10 19 60
11 16 65
16 14 67
13 19 50
13 19 89
17 15 96
20 17 55
15 19 77
14 19 62
14 17 70
12 10 73
14 10 94
20 19 65
14 16 72
14 13 72
17 11 63
14 16 57
12 18 77
12 18 65
11 12 72
13 20 62
20 15 76
16 20 61
16 12 71
10 16 61
19 18 86
11 19 85
12 17 81
16 16 70
10 16 88
13 13 64
17 20 84
16 12 62
13 16 90
12 14 96
19 13 64
18 16 50
10 15 88
20 16 89
19 16 60
12 12 91
11 19 91
14 20 64
20 14 84
12 19 99
16 16 77
14 12 77
17 13 83
13 17 89
11 14 52
12 11 90
15 19 63
15 17 84
13 18 54
17 11 56
18 19 87
11 14 55
10 13 93
15 20 95
20 20 64
14 14 92
14 17 96
17 20 100
15 14 63
19 16 88
12 10 92
10 14 81
10 17 97
19 10 90
12 13 92
13 15 81
20 11 72
19 12 78
18 10 78
14 15 82
16 19 72
20 17 89
14 10 84
10 10 62
14 19 92
11 15 78
15 14 97
16 19 81
20 15 81
11 20 86
15 18 84
15 16 97
16 19 91
18 19 61
18 15 68
13 14 89
13 16 90
15 14 53
14 14 71
11 10 96
20 19 56
13 18 61
19 15 56
17 20 75
20 20 90
10 19 100
12 12 100
13 12 77
19 18 50
15 13 77
20 15 92
14 14 73
15 15 64
10 10 61
11 15 87
16 19 56
16 18 53
18 16 63
11 19 78
15 19 98
18 18 91
13 17 53
11 16 71
15 15 56
12 13 63
20 17 66
14 18 64
17 18 50
14 19 92
19 20 69
15 18 98
15 18 53
11 19 59
19 16 65
17 16 96
20 14 81
18 19 74
16 18 92
15 12 82
10 13 56
14 10 67
20 18 69
12 10 75
11 20 51
18 15 85
16 11 50
20 19 87
13 13 66
18 14 68
11 14 82
15 12 68
13 20 70
19 17 55
17 19 67
10 14 72
18 15 57
14 18 84
14 11 100
19 13 98
13 14 68
10 16 95
16 16 75
18 10 60
17 11 75
20 13 52
17 10 59
19 10 72
10 12 70
11 10 72
12 11 54
17 10 70
20 14 90
14 16 50
20 18 61
14 16 96
10 14 77
14 10 57
13 17 54
18 20 82
12 13 73
20 10 96
14 18 78
19 14 90
17 13 66
13 20 75
17 13 92
14 13 71
18 10 83
10 13 68
10 13 74
19 17 85
18 11 95
12 13 78
14 19 85
13 10 92
19 12 76
10 18 84
12 15 89
12 10 87
18 19 79
20 20 70
15 18 53
20 17 89
10 16 90
15 10 53
11 19 69
17 15 100
19 17 96
16 12 70
11 15 81
13 15 91
13 12 67
10 17 65
10 13 61
19 16 96
18 13 95
17 16 90
10 16 96
17 17 72
15 14 78
20 20 67
18 13 51
15 13 83
12 17 63
17 19 72
19 20 76
12 19 58
16 17 77
17 12 99
13 18 64
13 19 65
10 19 93
13 19 61
10 16 95
12 14 60
14 12 86
10 13 76
18 12 85
16 16 92
17 11 72
19 17 91
17 16 88
15 12 69
19 18 66
19 19 70
11 16 51
13 18 86
19 11 87
15 14 76
19 15 55
12 13 92
18 11 95
13 19 58
10 11 99
10 10 52
19 11 75
13 12 54
11 14 90
18 19 63
19 12 84
17 12 54
17 15 76
20 13 82
14 17 93
15 11 59
19 16 79
12 13 56
15 12 81
17 18 67
14 19 66
15 15 52
20 13 81
12 17 59
16 13 51
16 13 91
13 17 55
17 14 98
20 12 70
17 14 91
18 17 78
20 17 61
10 15 80
17 15 82
11 15 94
13 14 70
18 10 58
18 13 76
20 19 62
18 17 53
10 17 53
11 14 81
18 20 52
16 20 90
16 11 100
11 15 97
10 13 86
17 17 63
15 15 71
17 12 85
11 11 59
20 10 92
16 17 73
18 20 70
14 11 86
14 16 94
13 18 77
12 14 65
20 18 54
14 19 82
14 14 74
11 12 96
10 19 84
10 10 97
19 18 50
17 11 83
14 11 61
15 12 61
20 14 100
10 16 95
15 18 92
17 15 88
12 20 77
13 18 57
18 13 94
17 11 54
15 13 73
19 11 79
10 10 53
16 11 75
15 19 60
19 11 52
15 14 59
16 19 71
12 19 85
16 10 91
13 18 96
14 15 82
11 13 56
13 10 69
14 20 97
18 19 55
18 14 98
12 17 80
10 18 55
11 10 55
12 14 70
15 18 86
12 14 98
17 11 65
12 12 86
20 15 61
15 14 79
20 12 82
20 13 94
12 14 74
20 19 81
14 18 97
20 10 72
17 16 77
15 14 76
16 14 55
16 20 59
16 11 58
16 13 87
15 17 92
19 14 66
17 13 65
15 17 89
10 20 55
10 20 50
11 19 58
15 16 94
20 15 95
12 11 50
15 10 86
17 20 96
12 16 90
15 20 50
10 11 50
19 12 68
13 20 89
12 10 95
17 18 58
10 20 92
19 10 95
20 19 71
20 15 51
10 13 65
17 17 63
14 19 95
20 18 57
10 15 88
16 12 91
15 19 88
12 11 72
14 18 99
18 19 93
14 20 81
20 18 80
18 14 62
17 10 77
17 16 67
15 16 89
12 11 67
19 18 62
17 18 72
10 19 76
12 11 66
10 17 86
11 12 77
17 19 86
11 19 91
12 20 79
19 11 66
16 14 91
18 16 58
18 10 81
16 16 83
17 10 65
20 20 81
18 15 86
20 19 99
16 13 72
20 16 68
11 14 57
18 15 60
17 17 81
18 15 87
17 13 62
16 12 60
19 10 50
19 10 58
11 20 81
16 15 90
13 18 71
19 15 80
17 10 56
12 11 58
18 20 69
14 15 80
18 12 95
12 18 96
18 15 82
10 20 91
10 12 72
18 19 62
17 15 94
14 16 56
15 11 80
11 12 58
11 12 65
20 18 83
17 15 82
14 18 99
15 10 72
11 18 53
13 16 57
10 18 61
11 19 70
12 17 92
12 13 69
14 10 68
20 16 94
17 11 66
11 18 73
18 10 99
11 12 66
18 18 97
17 12 75
11 13 50
14 10 57
13 19 87
18 16 62
10 15 74
11 16 80
12 13 90
16 19 91
16 19 74
13 13 70
13 13 76
15 18 98
13 11 98
17 13 53
17 18 97
14 16 61
11 14 75
11 13 69
15 14 68
16 11 61
