600 600
4 3
4 10
2 5
6 7
6 8
2 5
3 2
10 6
9 8
6 10
1 6
8 7
5 5
8 10
5 4
2 4
6 10
10 4
8 1
9 7
5 9
1 6
8 8
5 6
6 6
6 7
7 8
6 3
9 9
1 6
4 6
4 5
1 5
2 5
10 10
1 4
6 6
6 3
8 2
10 6
8 7
1 7
3 1
2 8
4 4
4 7
8 3
8 1
5 5
10 3
7 9
4 5
8 8
5 4
1 7
4 6
6 8
8 1
3 9
6 5
3 3
2 4
9 2
5 7
1 7
6 9
9 2
4 2
7 1
5 5
1 8
7 9
10 10
6 9
7 7
6 8
7 7
5 2
2 5
4 10
1 4
6 10
5 4
4 4
6 9
3 10
9 7
5 2
6 4
6 7
1 8
3 6
1 10
10 10
4 9
10 3
5 3
2 2
9 4
8 5
9 1
3 6
9 7
4 6
6 4
7 6
6 10
10 10
9 4
5 9
10 10
3 7
10 9
3 6
2 1
4 4
5 2
8 4
4 6
1 5
3 2
6 3
8 6
4 9
10 6
9 10
1 7
2 10
3 8
5 5
5 3
3 10
7 8
7 3
3 7
9 6
7 10
5 7
1 2
9 4
2 6
3 9
3 2
5 8
2 9
1 7
7 10
5 2
3 7
9 10
6 3
9 8
7 7
8 9
9 6
6 5
4 6
1 6
5 4
4 1
5 2
3 6
5 5
3 4
6 3
1 4
3 10
8 3
6 6
2 6
6 5
10 7
8 8
10 9
8 8
4 6
4 5
4 7
5 8
4 4
3 9
4 6
5 2
4 1
7 10
1 6
5 8
2 6
5 9
2 4
8 1
5 1
9 2
7 4
7 6
6 7
3 5
5 8
9 9
3 4
3 5
5 9
4 5
8 9
5 7
3 8
10 10
2 4
6 10
9 8
1 4
6 5
10 3
4 5
4 5
1 3
2 2
8 6
8 6
5 2
10 10
9 6
3 6
7 1
3 4
3 5
5 10
3 6
5 5
9 1
7 4
9 9
7 4
8 4
7 5
10 1
1 3
2 8
2 6
3 5
10 2
10 5
9 2
2 10
3 1
10 4
6 10
10 7
6 9
2 4
7 3
8 9
2 10
6 7
7 4
1 7
9 5
9 5
3 8
3 1
5 9
3 1
7 7
9 3
1 3
9 10
2 6
4 8
8 9
7 1
2 8
9 3
4 7
10 2
3 5
4 5
6 5
7 3
7 8
4 10
8 6
8 9
1 7
4 7
5 5
1 7
8 3
10 8
1 9
8 4
7 8
9 7
3 8
5 4
3 3
3 3
10 6
8 4
5 2
10 9
4 7
7 8
6 8
8 4
1 9
8 5
1 3
10 5
6 4
3 3
7 10
7 8
10 1
9 8
10 6
9 5
3 2
3 4
7 9
1 2
4 8
2 8
9 6
3 10
2 2
1 9
9 5
10 7
8 8
5 4
2 7
5 9
9 10
5 3
3 10
6 5
1 6
2 1
9 3
7 1
6 5
9 7
4 7
4 8
4 8
1 4
8 8
6 10
7 8
9 9
2 10
8 5
10 2
1 7
1 1
3 3
6 7
3 8
5 9
8 8
5 9
7 4
8 2
7 3
6 4
10 6
1 4
6 6
7 7
4 1
1 9
7 9
4 1
5 8
3 2
6 8
7 8
9 3
9 6
1 7
5 6
5 8
7 4
3 5
5 9
7 6
6 2
5 6
4 2
4 6
3 5
6 2
8 5
8 4
7 1
4 4
9 1
7 10
7 5
1 5
7 2
3 5
4 6
3 7
6 3
2 8
4 3
9 6
10 7
10 3
5 1
5 2
7 7
6 3
5 3
1 2
7 7
3 7
2 10
4 1
7 8
1 7
6 6
1 10
1 10
3 8
9 8
4 1
5 4
5 9
2 3
6 3
1 5
6 8
10 9
8 3
4 3
6 10
1 10
9 7
10 6
6 2
7 4
1 7
10 10
7 7
6 10
9 3
3 7
1 9
2 1
3 7
7 8
8 10
5 8
3 2
6 8
6 9
5 3
5 8
4 6
3 5
9 4
2 3
10 8
2 10
7 8
6 10
7 3
3 4
5 3
7 4
8 5
4 10
9 10
7 9
3 2
6 9
7 5
1 9
2 3
9 9
1 6
6 7
2 8
9 3
5 2
7 3
6 5
8 7
6 4
7 8
3 7
7 3
8 3
1 2
1 3
9 3
9 2
5 9
10 9
4 5
3 8
6 1
2 10
9 7
3 8
7 6
5 7
8 10
10 6
8 3
8 4
9 3
10 2
4 8
5 2
2 1
7 2
3 3
5 4
9 9
9 8
10 6
7 10
2 6
1 5
9 8
4 7
4 9
5 7
6 3
9 1
6 10
4 2
3 8
3 8
5 5
10 7
10 5
2 2
3 2
4 2
2 2
8 7
3 6
3 6
10 7
9 6
3 6
6 3
6 4
5 3
6 10
9 10
3 4
10 2
9 1
1 10
7 9
1 3
6 8
7 7
9 4
3 6
7 6
7 8
9 5
2 5
1 8
8 2
10 1
7 9
7 4
6 6
2 9
8 6
9 9
9 10
3 7
1 4
2 7
7 6
3 9
1 6
1 7
1 8
7 2
3 9
2 3
1 4
2 1
5 3
3 2
3 10
6 6
1 4
3 8
10 10
4 4
12 15 70
18 11 76
19 10 96
16 12 90
15 10 66
17 13 58
19 16 62
11 20 87
14 17 59
11 17 65
15 20 91
18 15 74
15 19 98
12 15 100
18 13 67
15 16 67
20 20 63
15 12 63
17 14 97
12 10 68
18 17 87
19 16 57
12 10 81
15 13 75
12 19 92
12 19 84
18 18 80
18 19 80
13 17 56
18 10 78
15 11 81
10 16 69
14 10 89
15 17 64
20 13 94
17 11 75
20 14 100
15 12 73
10 11 84
17 11 62
18 14 50
12 15 95
19 18 88
12 11 69
18 18 67
18 13 84
18 17 74
10 18 81
19 19 81
18 15 66
18 16 82
16 13 64
15 18 66
15 11 60
11 17 51
11 19 73
14 12 52
20 13 72
19 17 55
19 10 63
18 16 52
19 20 75
17 10 52
20 18 77
13 11 73
15 11 66
16 10 67
16 18 79
19 10 80
15 16 60
18 19 82
15 10 79
14 12 97
10 13 80
14 13 74
16 12 87
17 11 73
20 13 61
10 13 96
12 13 51
11 17 98
18 14 57
13 15 73
13 17 69
11 13 73
19 18 90
19 10 89
16 18 55
12 20 62
20 14 84
13 13 82
12 16 53
10 13 54
11 16 100
17 12 57
20 19 71
17 11 50
15 17 85
10 15 64
18 16 99
18 15 76
18 19 71
14 16 64
12 14 94
20 14 57
15 18 79
15 11 75
17 16 51
19 12 99
16 18 100
20 14 63
20 19 67
14 19 57
15 13 50
15 19 85
16 13 52
17 18 83
17 11 90
15 20 68
15 14 84
15 10 83
18 14 58
15 16 96
13 15 62
18 12 71
19 10 55
18 14 51
16 13 55
18 19 85
16 18 66
13 14 67
15 18 74
18 17 52
17 14 74
15 17 59
17 14 96
16 16 82
15 10 70
11 18 86
11 19 88
20 12 74
19 11 59
20 19 91
19 11 86
13 18 94
13 19 75
15 11 99
17 11 67
12 11 95
20 11 58
10 12 82
10 11 59
20 10 74
15 19 67
17 19 80
16 18 69
19 19 60
15 20 84
17 12 95
20 10 98
13 11 69
13 15 65
15 19 82
12 20 58
17 12 58
12 10 85
19 13 73
16 12 78
18 12 85
19 20 99
15 10 74
20 17 76
17 16 52
19 12 81
14 20 63
10 17 98
20 19 91
15 11 86
10 10 61
16 14 77
18 13 85
10 19 58
20 11 61
18 11 84
20 16 65
17 16 53
11 12 92
18 13 83
15 17 78
15 18 84
15 16 100
19 16 72
12 14 73
20 18 88
12 20 70
16 20 56
19 16 73
19 14 57
13 18 55
14 18 93
11 16 90
14 14 75
11 17 100
15 11 66
18 19 82
20 14 55
14 11 86
12 13 55
15 16 70
15 10 71
19 15 93
14 14 86
19 17 89
17 16 82
20 16 55
20 11 51
18 11 51
15 19 77
10 12 62
14 10 52
14 11 100
11 14 53
11 12 55
11 10 51
12 13 86
12 17 51
12 20 59
20 17 91
10 19 86
20 11 51
10 17 51
11 14 52
11 13 97
12 17 64
18 12 80
16 18 71
13 12 68
13 20 100
11 16 83
10 10 77
17 14 97
13 14 67
16 11 51
12 20 82
15 17 94
12 15 56
14 12 83
11 20 80
13 12 97
10 19 56
17 11 63
19 18 62
13 19 66
16 15 95
20 12 57
14 13 50
13 16 63
13 19 84
10 15 92
14 12 61
13 15 99
10 16 69
16 10 77
17 10 58
10 18 74
10 20 57
19 17 85
14 15 93
13 19 71
11 11 75
12 12 93
13 18 74
18 18 79
15 17 91
12 13 73
16 15 72
11 16 60
13 13 70
12 19 81
17 18 76
16 16 88
15 11 87
19 18 77
10 10 84
16 13 61
14 18 61
20 14 98
10 14 72
14 13 61
20 18 66
18 18 70
13 16 94
10 16 56
11 19 66
12 11 95
11 13 60
15 14 57
11 19 89
16 15 79
17 10 59
15 17 85
18 13 73
12 16 87
17 16 81
19 14 56
18 15 50
13 18 99
10 11 100
17 17 69
13 17 53
14 16 68
13 17 98
14 20 66
12 15 77
18 20 85
11 10 80
13 18 88
15 20 75
12 13 66
15 11 60
14 17 69
14 10 83
16 14 82
18 17 59
13 13 71
18 12 57
12 19 72
15 14 86
13 18 55
19 13 77
11 12 70
18 19 64
19 15 58
18 12 78
10 20 62
12 20 53
10 15 71
12 11 94
18 12 84
12 15 56
18 10 76
19 20 95
12 20 50
17 15 50
20 16 92
12 17 59
17 12 65
10 12 68
19 18 78
19 18 83
20 11 54
11 10 87
17 13 91
20 11 62
16 12 52
11 10 100
20 15 65
10 19 58
13 10 82
16 13 93
16 10 98
19 17 68
17 17 99
15 15 93
16 12 93
15 14 76
20 20 88
13 14 76
10 14 54
10 15 77
10 15 62
16 16 98
12 15 79
15 15 91
17 19 69
16 18 86
11 12 88
10 19 66
15 17 52
15 14 79
10 18 65
12 19 92
10 10 61
12 19 77
15 13 51
15 14 84
16 15 68
13 17 52
15 20 97
13 15 70
18 15 83
16 18 74
16 17 52
16 10 62
14 11 74
13 16 91
12 16 52
18 15 52
12 15 54
16 16 82
20 11 80
15 13 64
10 14 53
12 14 62
17 19 72
19 18 77
19 12 51
17 15 87
20 11 96
10 10 65
20 18 56
15 18 83
12 12 69
12 11 64
14 10 91
12 20 60
19 15 99
10 12 84
11 20 56
17 12 91
15 13 79
10 15 100
19 10 81
20 11 59
15 15 69
17 19 96
10 11 53
13 10 65
16 13 62
20 14 94
19 12 93
16 18 96
18 13 96
13 17 87
15 13 81
19 19 91
19 15 56
15 17 85
18 18 91
18 12 93
12 12 80
10 11 89
10 16 58
16 12 89
15 11 99
17 12 81
19 15 68
17 14 59
10 20 53
20 10 56
15 20 57
19 10 64
12 11 66
18 14 56
11 15 61
12 10 90
12 18 71
11 16 63
11 10 73
19 19 78
16 13 62
15 15 87
15 11 59
12 13 90
19 20 93
17 17 55
11 15 74
16 16 90
19 16 56
18 20 71
10 12 51
17 14 73
17 10 70
10 17 77
17 14 57
17 10 84
16 15 88
10 20 73
10 17 85
12 10 69
17 13 96
20 11 90
13 17 51
14 19 73
12 13 99
16 15 84
19 12 84
12 20 55
10 20 85
14 20 86
19 15 97
13 19 95
14 19 95
16 17 78
10 13 61
19 14 99
16 15 65
10 19 62
20 14 51
15 17 58
13 18 53
16 18 78
17 20 74
15 15 93
15 12 72
10 12 74
17 19 50
19 20 77
18 16 84
10 15 60
18 18 76
17 14 81
19 20 67
20 13 92
13 11 81
15 16 87
18 13 56
10 17 62
16 14 88
15 12 80
12 19 89
15 14 77
16 14 50
15 13 95
19 14 79
12 17 89
20 20 92
20 19 85
19 12 92
16 10 69
18 20 54
15 18 70
12 18 95
12 14 60
17 13 96
16 17 65
13 13 83
19 19 73
20 13 83
13 19 63
15 20 89
13 19 54
20 12 93
16 18 51
16 19 78
19 11 93
19 20 62
14 11 86
12 19 80
11 14 92
16 14 67
18 18 99
11 16 79
12 15 58
19 20 52
12 15 59
13 16 67
12 19 73
18 12 53
11 19 97
12 13 79
11 15 74
16 17 76
18 10 62
11 10 74
12 20 93
13 19 84
10 19 76
15 11 65
10 15 75
13 16 92
14 14 95
17 17 65
14 11 62
10 13 56
16 12 94
19 11 63
13 17 62
19 17 99
17 18 50
15 13 82
10 14 81
13 15 89
16 13 57
15 11 94
13 20 79
15 19 57
17 12 98
16 16 76
10 20 76
11 10 84
19 16 79
18 13 85
13 17 74
12 18 95
16 16 63
10 12 56
18 13 62
18 10 87
19 11 85
