650 650
6 2
4 5
6 2
5 3
4 10
9 6
3 2
7 7
6 5
8 7
5 10
3 10
8 5
1 10
1 4
7 1
7 2
3 10
1 2
7 9
6 5
2 5
5 4
5 9
4 8
1 7
4 5
9 9
9 3
6 7
2 4
3 2
3 10
8 6
10 1
6 9
1 3
9 7
2 9
1 9
7 5
7 2
5 6
4 5
2 6
6 10
1 8
5 10
4 7
10 8
10 9
3 10
2 10
6 9
1 6
5 5
3 9
1 2
8 6
10 9
6 6
7 10
5 10
1 9
4 1
1 8
3 9
10 9
4 8
6 5
3 8
5 3
5 2
5 7
7 8
10 2
3 3
9 4
3 3
6 10
5 5
6 3
10 8
4 6
5 1
9 1
7 3
7 10
10 7
5 6
10 9
3 7
2 2
2 7
4 3
7 4
7 3
7 7
5 9
3 2
1 10
9 1
9 5
2 5
3 7
6 10
10 3
7 3
3 5
2 6
10 8
7 1
6 4
8 3
3 4
1 4
3 10
10 4
9 6
4 8
1 7
2 6
6 4
2 2
10 3
2 5
2 9
10 5
4 4
7 4
1 1
1 3
5 4
1 6
9 1
8 2
9 1
7 7
7 2
5 3
7 9
7 6
1 1
6 5
1 3
10 3
8 2
9 7
9 7
9 2
1 6
4 9
4 10
4 10
3 9
10 5
10 3
3 8
8 7
9 3
10 8
3 7
7 3
10 6
6 3
6 3
4 2
3 5
5 3
1 8
1 3
10 10
5 10
9 2
3 7
9 3
6 5
5 3
10 10
9 10
2 3
3 2
7 7
9 6
7 10
2 1
4 9
6 4
3 10
5 8
10 1
5 2
8 9
3 10
2 5
1 7
6 10
5 6
3 5
6 6
7 9
3 1
5 3
6 9
3 8
6 8
9 2
4 5
1 9
3 6
8 6
6 10
4 6
4 1
10 2
3 1
1 4
3 1
7 9
1 6
3 7
10 3
2 9
6 9
3 5
9 8
1 4
6 8
10 10
7 8
9 10
8 3
9 5
5 2
1 8
2 3
5 5
10 9
8 2
8 1
1 2
6 10
10 1
8 10
4 2
4 5
10 7
9 8
2 6
7 3
4 3
6 5
6 5
10 6
5 2
5 5
7 5
8 5
5 10
9 5
9 10
5 9
5 10
4 6
1 8
6 7
3 4
6 4
10 7
8 6
4 10
6 6
5 1
2 3
9 4
2 1
10 10
10 10
2 5
9 9
1 4
6 8
1 10
8 8
5 3
5 4
6 3
3 9
7 7
2 1
6 5
6 2
3 3
4 1
7 7
2 7
6 4
6 10
7 8
1 4
9 9
7 2
7 2
1 3
7 1
2 1
6 4
5 4
5 5
7 3
5 5
7 2
8 8
8 2
8 3
7 4
6 1
2 3
10 9
9 7
10 4
5 5
2 5
10 8
6 2
9 10
3 7
10 8
1 10
5 5
2 8
4 7
6 7
10 9
9 5
10 8
3 8
5 7
10 7
4 5
8 9
9 1
3 10
3 7
2 10
7 7
1 1
10 4
6 8
5 1
1 8
7 6
5 3
3 9
1 2
5 8
7 6
4 2
5 3
6 3
1 5
1 8
9 8
4 9
10 3
7 8
4 2
6 5
1 5
7 5
5 4
6 5
9 2
1 10
10 5
8 6
9 4
8 5
9 1
4 4
3 2
7 6
4 8
1 7
7 1
5 1
10 10
2 3
8 7
7 1
8 6
4 2
6 4
3 7
5 3
8 6
8 9
6 6
10 2
9 3
7 7
3 1
2 1
7 9
4 10
10 10
2 5
2 2
9 4
8 3
5 5
2 9
2 9
8 1
8 8
7 6
5 5
9 5
10 1
7 7
1 10
8 6
4 2
3 7
7 10
6 2
6 3
10 4
4 4
8 6
4 8
7 4
9 3
8 2
10 2
2 1
2 2
2 10
7 7
8 10
10 2
10 10
4 2
5 7
1 10
8 10
7 3
3 3
6 10
5 7
1 4
8 9
2 5
1 4
8 10
2 10
10 7
5 10
4 9
2 1
5 8
9 10
7 9
10 10
6 9
3 6
6 1
1 4
9 8
6 9
4 8
10 1
7 7
8 1
1 6
6 2
5 2
10 4
3 2
2 5
1 5
3 1
2 8
7 9
5 10
3 6
8 10
9 6
4 5
4 2
9 7
3 2
4 4
5 8
9 7
5 10
10 1
4 7
1 7
4 10
7 7
2 8
8 6
7 3
1 1
2 1
6 10
4 5
5 9
5 7
4 6
3 6
9 3
2 9
10 6
5 5
4 7
9 2
8 8
2 6
5 1
1 8
9 9
5 8
3 3
4 7
7 1
3 4
8 7
9 7
2 10
4 2
3 8
5 9
4 1
1 7
5 4
3 10
6 4
1 7
8 1
8 1
6 5
6 4
4 6
5 10
3 6
5 4
9 9
8 1
3 8
9 3
3 3
6 8
1 10
1 8
4 4
6 8
6 10
2 3
4 2
10 2
1 3
9 6
8 8
1 3
10 2
10 5
5 4
9 7
9 4
3 7
3 1
5 7
3 6
10 7
10 9
5 1
9 10
1 2
3 9
8 7
8 6
5 8
2 5
8 9
5 1
2 7
10 2
5 9
5 4
10 10
4 10
5 4
7 6
5 10
6 4
2 1
4 7
10 4
4 3
5 7
2 3
4 10
6 7
8 7
4 5
8 5
7 2
2 4
10 10
1 6
9 10
3 2
6 8
1 3
8 7
3 10
4 9
2 4
4 5
9 6
4 3
6 1
5 7
5 10
1 10
6 10
8 8
7 4
1 7
10 5
9 8
7 10
6 7
5 10
6 5
10 2
3 1
1 2
3 9
8 10
10 1
7 1
3 4
7 4
7 4
6 3
6 3
1 2
10 19 54
14 16 96
15 12 77
18 10 76
11 16 65
12 18 61
12 17 87
13 15 62
18 11 62
16 12 74
16 13 74
19 15 80
17 12 96
18 19 50
12 15 78
19 17 88
18 12 72
20 15 71
18 15 98
20 10 82
16 19 52
18 16 63
12 16 93
20 14 87
12 14 84
13 17 59
19 18 78
11 19 62
11 18 58
12 13 88
12 10 57
20 10 66
17 17 84
19 11 100
13 13 81
18 20 71
13 15 71
18 10 50
11 15 80
20 19 80
11 12 70
14 20 93
20 19 87
12 10 86
13 17 63
10 16 55
14 13 71
11 12 95
17 12 79
14 20 76
16 15 79
14 10 79
10 11 86
12 15 98
13 12 88
19 10 95
12 13 65
17 12 99
20 15 65
15 20 72
12 17 58
13 11 96
18 10 94
15 18 92
14 13 84
19 17 63
17 18 76
13 12 50
17 13 59
13 20 75
19 20 69
18 15 82
14 16 57
16 11 51
10 10 98
19 12 58
12 14 100
12 17 54
11 20 67
14 19 82
20 18 55
14 16 69
12 20 82
14 16 61
12 17 99
13 14 92
17 20 93
10 19 60
11 16 85
10 10 72
16 14 94
17 18 55
10 10 67
14 20 64
15 10 93
18 13 94
15 19 61
14 14 66
13 19 98
16 17 91
15 10 75
13 12 59
10 14 79
11 10 51
12 19 95
13 17 64
20 13 95
20 12 65
18 10 85
12 16 80
15 16 99
15 17 77
16 16 99
13 16 70
11 13 90
10 17 99
17 19 55
18 18 98
15 10 74
19 18 90
16 17 58
16 13 86
19 12 99
12 13 54
17 12 78
15 14 92
11 17 86
11 14 63
19 17 100
16 14 75
12 19 94
12 10 68
16 16 79
11 10 81
10 14 50
20 19 79
16 18 82
10 14 97
12 18 72
17 18 86
12 18 72
16 19 80
16 10 57
12 15 90
12 14 91
20 20 72
16 15 55
18 13 69
13 19 99
16 18 59
19 12 57
12 15 54
12 16 73
14 16 71
12 17 58
15 17 84
16 14 67
19 10 69
17 18 71
19 18 93
18 19 96
20 18 89
10 12 52
20 15 62
11 16 98
19 13 65
12 13 52
20 11 77
17 11 73
19 13 99
12 12 84
15 18 100
15 15 64
15 12 76
10 15 58
11 15 85
10 15 80
11 19 72
18 18 50
19 16 83
19 16 97
17 10 94
18 13 77
11 14 84
15 16 91
12 17 100
15 10 100
11 11 67
12 18 76
15 11 69
19 11 55
19 12 71
15 15 62
17 10 78
16 16 95
17 14 58
16 17 99
12 20 50
18 18 52
13 18 86
15 16 50
20 12 79
18 10 53
14 13 58
19 10 88
12 12 56
15 17 84
14 18 92
13 18 64
17 14 91
17 13 56
13 12 69
18 10 93
15 16 91
12 12 53
13 20 68
14 20 68
17 11 68
17 20 98
16 13 68
14 17 99
11 11 93
18 13 64
13 20 52
16 12 88
12 18 50
20 10 72
10 17 81
19 16 75
12 13 70
10 15 82
10 13 54
14 13 50
11 11 92
11 11 94
12 11 68
14 11 94
14 13 63
16 10 94
16 10 57
18 19 60
18 13 67
20 14 59
15 18 52
17 16 67
20 16 92
19 14 86
11 18 75
15 11 63
20 19 89
16 13 95
20 16 70
14 17 86
16 19 73
13 14 98
17 16 80
16 20 82
10 11 84
12 16 52
19 17 65
19 18 90
15 19 99
18 12 88
16 10 51
10 19 77
17 11 100
16 12 83
19 14 66
18 20 80
18 16 74
20 12 78
12 16 99
11 15 98
16 15 57
10 15 93
16 19 50
12 18 56
20 17 77
19 13 57
17 19 99
16 14 89
10 20 98
18 18 50
14 19 76
14 14 56
15 20 97
17 14 76
18 18 86
15 16 100
11 12 74
15 12 97
13 10 67
15 11 97
10 19 55
18 16 90
10 10 90
10 18 73
10 16 57
14 20 100
11 15 60
19 10 81
16 12 53
16 11 90
20 16 74
18 11 63
18 15 55
16 12 66
20 18 94
17 11 57
18 17 64
12 16 80
12 19 62
11 17 78
12 13 82
19 13 88
17 18 50
13 10 65
17 10 60
15 12 96
11 10 81
13 17 78
10 20 87
14 20 84
13 18 55
16 15 100
17 10 81
17 16 97
12 18 90
15 19 99
18 16 98
15 11 89
15 16 82
16 17 92
17 15 51
18 16 86
10 12 75
20 16 60
17 13 69
16 20 56
13 13 78
12 12 74
16 18 71
16 19 90
11 19 92
14 20 78
16 18 82
18 13 52
19 18 71
19 13 96
13 18 64
16 18 84
11 19 68
16 19 52
19 20 85
16 19 73
20 13 80
11 12 58
12 11 93
17 19 99
14 18 89
17 13 94
17 11 92
17 11 64
17 13 99
16 14 63
12 17 64
18 11 86
10 14 95
17 14 59
11 12 66
10 15 67
10 20 52
14 18 86
14 14 67
10 20 80
15 12 81
10 17 75
15 10 72
10 16 81
18 20 78
19 11 61
17 18 61
19 20 76
12 10 51
15 14 50
10 16 63
20 18 77
11 11 68
13 16 93
20 19 54
13 15 65
11 20 67
15 20 93
18 17 89
12 19 79
17 15 62
11 13 83
20 10 96
16 20 69
15 16 59
10 13 53
18 18 88
17 10 83
14 15 53
11 16 79
20 15 53
11 10 73
18 17 100
17 18 86
14 16 72
10 15 79
11 11 93
11 20 53
13 11 50
16 12 55
13 20 85
13 15 82
14 12 52
11 14 86
10 20 55
19 17 79
19 18 76
13 20 50
18 12 63
16 13 79
12 12 65
11 13 81
17 15 51
20 11 71
15 10 91
12 19 57
14 12 97
14 14 98
15 18 77
16 14 98
15 20 83
18 14 83
15 18 69
19 17 82
11 16 58
11 17 62
13 10 80
10 17 62
19 18 94
18 13 71
20 17 84
20 16 70
15 19 91
17 15 57
13 11 86
12 10 80
18 10 66
19 14 74
12 11 58
11 19 56
15 11 55
10 18 67
15 12 96
20 10 70
17 12 62
14 10 86
16 11 95
10 11 53
10 18 50
15 14 100
18 19 97
12 19 67
11 11 75
20 12 67
18 15 68
11 13 89
14 17 63
16 11 80
16 17 77
13 15 61
14 18 97
15 10 69
15 10 80
16 17 78
19 14 67
19 17 91
10 15 87
14 19 57
20 17 70
15 10 61
10 14 85
19 12 84
12 18 73
15 11 86
11 17 62
15 16 53
16 12 85
15 15 81
12 11 96
14 16 80
11 17 55
14 18 54
11 12 96
19 10 56
13 16 72
17 19 71
13 17 95
10 13 84
19 20 90
12 13 59
13 20 56
13 14 81
15 16 65
16 17 85
20 20 97
19 10 89
15 16 51
18 18 87
11 15 76
20 14 70
14 20 96
15 17 59
12 16 51
12 15 64
10 18 71
19 19 75
15 17 81
11 10 99
13 12 50
12 14 60
17 20 66
20 13 76
20 11 98
20 11 100
18 15 86
20 19 91
12 11 95
10 13 61
19 13 63
19 15 88
10 12 74
15 20 62
20 13 67
12 19 66
20 13 72
15 16 54
15 15 71
20 13 81
15 19 86
12 20 77
10 11 65
20 12 88
16 13 59
10 18 74
11 19 88
20 11 83
10 14 52
20 12 67
15 15 53
14 15 62
18 11 80
11 16 61
10 14 54
18 12 81
19 11 69
15 13 59
13 11 76
12 14 84
13 15 76
15 19 57
15 12 91
11 18 59
11 16 65
16 19 93
16 13 86
18 15 55
15 15 94
20 19 57
15 11 83
13 17 80
20 12 87
13 12 51
19 16 53
15 18 95
16 14 58
13 17 76
13 12 55
16 16 92
15 20 52
16 12 63
17 17 65
16 16 93
20 20 93
19 15 97
12 15 96
10 18 83
19 19 63
15 15 97
20 20 81
16 12 88
12 14 57
12 14 50
14 13 78
19 16 79
18 11 68
20 18 56
12 11 59
14 10 92
15 10 99
11 20 62
19 11 50
18 13 97
14 19 58
20 17 77
14 13 100
20 19 58
10 11 63
17 20 55
17 12 60
14 12 64
20 16 61
10 11 67
19 13 52
14 14 76
13 13 52
10 13 70
15 11 61
12 15 63
17 20 80
20 20 56
17 16 94
10 11 54
18 11 77
18 10 86
19 10 60
13 12 96
14 15 100
16 19 58
19 13 77
16 18 100
10 19 73
19 20 96
12 13 96
12 13 61
16 14 89
15 19 73
15 18 69
18 20 50
16 19 86
10 12 62
14 10 80
10 14 88
20 16 64
20 15 84
10 17 73
