700 700
2 3
3 9
9 5
5 8
2 6
7 6
1 5
9 4
2 3
2 1
2 10
6 3
3 5
9 6
4 9
3 1
6 8
5 3
4 8
5 9
7 10
2 2
9 5
2 4
1 10
3 8
8 4
10 10
2 1
5 2
7 10
2 7
10 5
5 10
2 8
8 10
10 8
6 10
3 9
2 8
7 8
1 8
7 3
3 5
10 3
4 1
4 8
9 8
5 5
1 4
10 2
2 6
5 9
9 9
4 3
1 6
9 10
3 8
4 2
9 1
8 9
1 10
4 9
10 3
3 9
6 5
3 6
1 10
7 2
8 7
6 5
7 7
10 9
10 5
5 5
7 2
5 1
4 1
8 5
6 10
10 4
9 7
2 9
7 3
10 2
1 3
7 1
8 10
7 2
3 3
8 4
3 8
6 6
5 7
8 8
6 4
6 4
7 7
10 6
6 2
5 7
6 6
4 9
6 4
8 5
3 5
6 9
8 2
4 4
1 5
7 5
4 2
4 4
4 2
9 4
9 10
10 2
7 8
5 9
8 9
10 2
7 10
7 1
2 1
8 6
9 10
3 4
2 4
3 6
3 4
5 1
2 1
5 6
2 10
8 3
4 7
10 7
1 8
6 5
2 6
3 9
6 2
1 9
2 10
7 9
10 1
1 7
6 5
9 5
1 8
1 6
9 7
10 3
5 6
9 1
5 4
2 2
10 10
9 3
1 6
7 9
4 1
8 8
2 6
5 1
4 10
7 7
6 9
8 6
2 2
10 4
7 4
6 2
8 1
1 4
2 6
5 9
5 2
7 5
5 7
8 8
7 7
7 6
7 7
6 6
2 10
5 3
6 3
10 5
9 5
4 10
1 4
8 3
3 5
6 6
3 5
7 1
1 10
7 7
7 5
8 2
10 3
4 2
8 8
5 3
1 1
8 6
10 1
7 4
3 1
2 5
8 7
10 9
7 10
9 7
7 7
10 4
9 2
3 10
5 6
3 4
1 10
6 7
9 5
2 2
2 3
4 4
8 9
8 8
8 7
2 1
6 10
2 4
7 8
3 7
4 9
8 3
8 8
5 5
3 4
4 9
7 2
7 1
1 8
8 2
6 5
7 6
2 9
9 2
8 6
1 8
8 6
8 2
6 3
10 3
3 1
10 4
4 1
9 7
6 9
6 8
9 5
10 6
5 6
4 3
4 7
8 1
7 9
1 3
5 4
10 5
3 3
1 5
6 9
7 3
1 8
8 9
10 6
9 4
8 4
4 5
9 8
4 7
10 7
8 5
3 7
1 10
8 9
3 10
4 7
4 7
9 3
3 10
8 2
2 4
10 3
9 10
7 8
10 8
6 10
2 10
6 4
2 5
2 10
7 1
9 9
2 6
9 6
5 8
7 7
2 1
8 2
3 5
10 2
9 9
10 7
8 8
3 5
5 4
7 8
3 2
5 4
4 7
9 7
8 7
9 8
6 10
7 3
10 2
8 3
6 2
1 8
10 4
7 4
7 1
2 1
6 5
6 5
9 5
6 3
9 10
10 9
2 4
6 2
3 8
6 4
5 10
8 3
9 2
5 10
7 2
6 2
4 1
8 1
6 3
8 3
2 5
7 1
3 3
7 10
5 5
10 6
9 4
7 3
7 2
2 3
7 5
2 7
5 7
3 9
1 7
3 9
1 2
9 3
5 2
7 10
3 8
5 6
5 2
4 4
4 1
10 2
2 3
7 3
3 1
1 7
7 10
4 8
10 3
5 2
5 1
1 8
5 3
9 7
7 5
1 8
5 8
9 6
3 6
4 9
4 3
2 2
5 6
3 2
10 1
6 4
8 10
6 2
1 1
10 7
5 2
2 6
5 1
6 2
1 4
2 7
9 5
4 4
10 7
9 10
10 8
5 8
9 1
8 6
1 5
7 6
4 2
2 10
9 9
9 2
10 9
5 2
4 10
8 5
6 8
1 10
2 2
5 4
3 9
9 2
7 5
5 9
6 4
7 1
9 9
1 5
8 3
8 4
9 9
1 4
8 6
10 8
1 9
4 1
6 4
2 1
8 8
3 3
6 6
2 7
8 5
10 7
6 1
7 8
3 5
6 1
9 4
7 6
2 10
8 4
4 1
10 3
3 8
4 2
8 6
7 6
7 8
10 1
9 2
4 8
5 2
3 7
1 10
5 10
9 7
8 3
3 5
5 4
1 4
5 5
5 10
1 6
7 5
5 4
8 6
6 10
3 8
7 8
1 5
4 8
10 6
4 2
7 10
5 7
10 6
8 9
2 9
5 1
7 7
2 8
7 8
4 2
10 9
7 5
4 4
9 3
3 9
5 3
1 9
10 9
3 9
3 2
9 7
6 9
6 2
10 9
9 1
7 1
4 9
4 5
10 3
7 6
6 2
3 7
10 2
8 6
7 6
7 9
6 9
9 4
4 3
2 7
10 8
9 5
1 6
2 5
7 7
10 4
8 9
9 3
8 1
3 7
2 6
7 1
8 7
4 4
2 6
2 1
6 8
2 3
5 9
6 5
7 9
1 4
7 9
5 9
1 9
3 7
4 9
6 1
7 10
1 4
9 6
3 9
9 10
5 4
5 6
4 9
1 3
1 6
4 3
9 10
1 1
1 8
3 7
7 2
6 4
9 5
4 9
9 1
3 7
6 9
9 8
3 8
8 10
2 5
4 3
2 10
8 3
8 10
9 9
4 4
4 7
10 10
6 4
8 7
5 10
2 7
3 7
6 10
3 10
4 7
7 4
6 10
5 4
10 3
8 6
2 7
4 4
7 2
7 4
4 5
9 9
10 2
4 4
4 8
7 3
4 1
4 8
4 3
2 10
8 8
5 10
3 4
5 1
2 10
10 1
9 10
1 7
4 4
2 7
7 7
3 8
3 5
10 4
4 1
2 4
4 8
8 2
5 9
5 9
2 6
3 3
7 10
1 7
3 7
9 2
8 9
2 6
2 1
10 7
8 4
10 7
5 5
8 1
7 7
1 9
4 8
9 8
4 5
5 5
10 9
3 3
3 4
4 1
2 10
7 8
5 7
2 8
5 3
6 3
3 1
7 2
9 1
2 6
7 8
7 3
2 10
3 4
4 8
7 2
3 9
3 10
3 6
2 6
1 9
7 8
5 7
5 6
7 4
13 11 97
20 16 95
13 19 54
14 11 85
12 19 85
18 15 79
19 15 84
17 12 84
10 17 68
20 10 84
11 17 95
19 20 82
15 14 80
14 13 78
13 14 85
17 18 63
11 12 87
18 16 70
18 16 85
11 18 80
10 20 83
12 12 65
19 12 95
14 18 69
17 15 72
18 15 90
20 11 68
11 10 81
20 14 52
13 15 97
14 14 98
10 11 54
12 15 83
20 14 85
19 12 68
12 17 91
11 19 84
15 19 73
19 14 52
17 10 92
11 12 94
15 11 52
14 16 100
13 11 60
19 17 76
12 12 56
12 11 66
10 16 98
11 15 80
11 14 82
12 14 89
19 12 54
13 12 92
17 15 97
12 20 53
17 18 51
19 18 83
18 11 83
11 20 70
17 14 59
10 16 59
11 15 54
17 18 60
12 11 60
18 13 96
17 18 82
10 17 57
14 10 60
11 13 63
18 16 93
18 12 80
17 10 69
19 20 63
19 17 81
18 12 94
13 13 88
14 20 94
18 13 57
15 16 88
17 17 56
19 10 96
16 10 62
13 18 78
14 13 60
18 10 66
15 16 61
18 15 55
13 10 84
14 10 71
18 20 84
14 13 99
14 14 83
11 13 70
19 20 60
12 12 95
11 12 66
12 10 63
16 14 78
19 17 72
16 10 51
20 12 72
11 14 53
19 12 74
20 16 50
14 16 83
20 15 90
20 10 73
20 11 51
16 16 56
11 19 57
18 12 79
16 15 98
13 13 87
16 18 71
13 20 74
14 10 76
11 18 58
14 17 84
15 18 59
12 15 51
10 17 63
14 14 85
16 10 74
13 16 82
14 11 73
13 12 66
18 15 70
10 12 75
18 11 66
17 20 95
13 18 99
14 15 78
18 15 92
20 16 86
11 17 89
14 10 81
20 11 71
10 18 85
20 10 74
14 13 98
14 15 61
10 12 74
15 11 76
15 15 73
10 17 93
15 16 71
11 19 74
20 10 79
13 19 87
11 12 62
13 19 62
13 10 77
15 19 84
15 16 99
13 19 70
11 13 67
11 16 65
19 14 84
18 17 84
12 10 52
12 11 81
12 10 73
15 15 55
20 14 59
10 11 63
19 11 62
18 19 51
10 15 73
10 14 58
16 12 69
10 13 64
19 16 58
14 13 79
17 11 79
10 13 73
11 13 85
12 18 84
11 17 84
11 19 77
12 11 82
14 19 67
17 13 51
15 18 57
14 10 87
18 10 90
11 18 100
15 13 84
15 17 84
14 20 59
11 17 79
13 16 60
14 11 55
17 17 70
18 18 99
14 17 81
12 19 76
15 12 74
13 18 59
10 19 79
17 15 74
16 17 52
18 15 59
20 16 96
10 15 97
12 10 87
10 16 67
19 14 99
13 16 91
20 10 92
19 11 58
13 13 57
20 17 92
17 11 83
17 11 86
16 13 93
20 14 79
15 13 94
12 16 83
20 19 70
18 16 51
17 13 95
15 10 71
17 11 74
20 16 82
10 14 58
16 16 55
19 16 62
19 19 96
14 11 80
20 10 75
12 19 85
18 10 70
15 12 64
19 15 89
19 11 67
13 16 71
11 17 57
16 14 74
10 11 92
10 18 90
19 12 85
12 20 55
10 14 73
18 10 53
19 15 51
19 19 50
14 20 96
17 13 80
11 15 96
18 10 98
14 19 64
18 18 72
12 20 66
12 14 57
16 20 65
15 19 69
18 13 88
20 20 97
19 19 69
20 17 83
13 11 62
13 11 87
15 15 56
19 17 56
12 18 61
17 15 93
11 15 73
16 15 96
12 11 68
13 19 56
11 20 64
18 18 58
11 10 54
10 20 100
14 20 62
10 10 54
20 13 100
12 17 55
15 17 90
19 19 63
16 10 87
17 12 89
19 12 69
11 10 51
17 11 98
20 14 98
10 13 92
17 11 100
15 16 57
17 15 50
15 15 78
11 15 83
16 17 59
12 17 76
12 15 90
10 18 53
15 12 93
11 18 91
10 18 92
12 18 66
13 10 68
10 11 99
20 19 55
15 13 78
20 10 97
13 14 96
12 15 95
18 15 61
10 13 66
11 18 89
17 20 62
13 15 92
13 17 58
15 11 92
12 12 63
15 18 71
12 13 90
16 11 68
10 12 61
10 19 68
14 20 97
10 19 73
12 13 77
19 20 85
14 15 86
12 17 95
19 13 93
15 13 55
14 15 89
13 14 73
13 13 78
20 20 73
15 11 74
13 18 82
20 12 64
18 14 55
16 12 99
15 20 88
18 20 58
20 11 86
20 14 56
19 13 89
18 15 72
17 19 52
10 17 50
13 10 83
15 19 83
19 20 55
16 13 53
20 17 98
10 16 60
10 17 84
18 13 88
19 15 54
15 10 70
12 10 62
13 18 55
11 13 79
16 18 62
17 20 59
19 20 63
15 20 88
15 12 79
11 15 69
14 14 65
12 10 90
16 12 50
18 19 89
16 13 100
11 18 77
18 17 55
19 13 53
20 17 86
20 12 85
15 16 54
17 20 85
13 14 72
12 16 55
10 14 67
18 11 72
12 19 82
12 20 100
20 14 91
17 19 85
18 11 90
12 17 51
15 17 89
12 12 50
17 18 79
20 12 87
16 16 90
17 13 73
10 18 82
17 12 69
12 12 84
18 20 88
19 13 80
17 14 83
10 14 63
14 20 78
12 16 88
16 16 72
12 12 56
20 20 53
20 15 73
16 11 68
16 14 79
11 11 71
13 20 97
16 14 58
12 19 84
16 18 57
10 16 59
19 15 60
12 17 84
12 20 89
16 15 57
17 16 55
16 15 100
15 20 93
18 19 59
17 17 96
19 16 80
14 19 95
19 20 89
16 10 95
10 14 62
19 16 71
13 14 61
10 14 50
12 18 60
11 17 51
20 19 64
15 18 85
10 20 80
13 13 62
12 11 62
13 11 99
17 17 84
14 14 79
12 13 66
17 18 62
20 10 91
16 10 78
10 16 70
15 13 77
16 10 88
14 20 73
11 13 55
11 13 97
15 14 52
20 18 66
11 11 55
16 10 69
18 14 79
17 15 66
10 13 62
17 13 76
14 19 72
18 10 96
14 17 62
10 20 95
12 10 90
10 10 52
18 18 50
12 12 58
20 20 99
12 14 77
15 11 78
14 17 50
17 13 75
14 13 97
18 15 68
16 10 61
16 20 86
18 15 97
18 20 79
20 17 89
18 13 51
10 20 86
13 14 74
19 11 96
11 10 68
18 15 56
14 17 54
16 12 96
20 10 95
18 17 92
17 18 72
18 19 83
14 12 56
20 19 50
18 16 81
10 15 97
19 15 84
14 14 52
12 19 56
11 17 98
10 15 86
20 17 57
14 19 81
12 14 100
14 19 53
19 19 91
18 16 66
18 14 52
11 19 52
14 17 52
14 19 51
20 19 62
16 19 89
12 18 51
13 20 97
15 14 93
15 12 54
12 14 89
10 15 62
16 20 100
18 14 78
16 14 61
19 14 62
17 13 77
18 11 98
20 13 83
13 19 100
12 17 80
13 18 78
12 15 82
20 12 84
12 17 59
18 10 52
19 12 50
17 16 65
15 17 96
14 13 52
17 19 59
10 16 50
18 19 56
12 20 65
10 11 64
19 10 96
10 11 55
15 12 62
13 20 80
18 17 65
20 14 72
11 14 54
17 13 52
11 12 100
14 17 54
10 15 72
16 13 80
15 13 87
18 12 96
10 11 52
19 13 79
11 13 94
15 20 62
14 18 67
12 11 95
19 11 99
10 18 67
13 19 64
14 13 89
18 18 98
18 11 79
16 15 57
20 10 67
13 13 93
16 18 99
15 15 92
18 16 83
14 12 97
11 18 59
16 13 99
12 16 76
15 13 64
11 17 84
17 14 85
11 18 67
19 14 59
11 11 87
14 11 87
17 16 68
20 17 74
20 14 51
15 16 94
16 16 84
20 13 90
13 11 77
13 15 53
10 19 97
13 14 57
13 14 70
20 15 60
20 18 91
13 11 58
15 17 59
18 14 50
10 18 95
18 11 67
11 10 76
14 17 64
18 17 54
16 10 50
19 17 94
15 18 98
13 20 72
14 17 95
15 16 84
20 16 98
12 13 72
16 16 100
18 11 85
20 14 85
17 11 74
18 19 82
14 17 52
11 20 56
10 18 100
13 10 63
17 10 55
19 19 70
13 13 76
10 19 85
17 10 54
16 20 50
19 11 51
18 20 85
12 20 79
20 19 97
10 17 65
19 17 78
16 14 65
10 11 86
10 16 72
17 10 74
13 14 52
11 14 90
18 15 59
10 12 74
14 19 69
20 12 79
20 17 71
13 12 73
10 11 99
20 12 58
14 15 69
17 17 57
12 20 99
12 17 59
20 12 60
14 11 98
19 13 70
19 16 54
10 17 51
13 11 73
13 14 72
18 10 96
19 20 62
20 16 55
11 16 69
18 18 80
19 18 53
11 15 71
20 15 70
13 14 90
16 10 92
20 17 85
19 15 74
20 16 76
11 10 62
12 20 75
13 18 85
14 15 61
17 12 82
20 12 95
18 19 52
11 13 53
19 12 77
13 12 56
13 10 53
19 11 85
13 20 70
16 12 70
17 18 58
13 18 86
13 12 86
19 18 64
11 20 56
11 19 71
11 15 68
18 10 68
11 14 85
16 10 98
13 11 70
20 13 75
13 20 97
20 10 72
19 18 67
