750 750
1 1
5 9
6 2
10 1
5 6
4 5
1 5
4 6
2 2
3 7
3 8
7 4
5 7
9 3
5 10
5 6
3 9
6 4
10 10
4 5
5 7
2 5
5 5
5 1
6 1
8 5
7 8
8 1
5 4
6 1
1 1
6 5
2 1
2 7
9 3
5 7
1 7
1 8
3 1
4 7
3 10
5 5
4 2
2 8
2 3
2 10
4 1
5 3
5 2
1 4
3 8
1 2
8 9
9 3
8 6
6 9
8 9
8 10
9 5
3 9
4 10
9 1
8 5
3 2
4 2
9 6
9 9
6 10
4 1
2 6
7 7
8 1
9 10
2 3
6 5
10 2
7 2
5 6
7 10
9 5
1 4
4 9
8 1
3 10
9 2
6 6
7 4
4 3
3 9
5 3
6 9
4 3
2 6
4 9
8 3
5 9
4 6
8 6
5 9
9 4
5 3
3 5
5 9
2 6
2 8
8 5
1 3
1 1
1 3
9 2
4 9
5 2
5 1
1 9
5 2
2 5
4 2
9 8
1 8
3 2
8 1
4 1
2 2
7 1
7 5
10 9
10 9
9 8
10 4
2 1
10 8
9 2
1 1
6 7
7 7
8 7
10 5
4 6
5 4
8 7
5 10
9 7
1 7
10 7
10 8
6 9
1 2
7 1
9 7
2 9
10 3
7 4
2 2
5 10
9 7
5 6
9 10
7 1
7 2
8 3
3 7
2 9
6 5
6 9
5 3
1 10
6 7
1 4
4 6
8 1
8 5
6 5
9 10
10 5
8 4
9 10
7 2
4 1
3 3
6 5
2 3
4 5
2 8
9 1
6 5
5 6
5 5
9 8
5 8
5 5
8 2
9 6
2 1
8 5
2 8
7 2
5 8
5 4
10 9
7 7
2 10
3 5
10 10
6 7
10 8
9 5
2 4
5 3
7 3
4 7
1 3
10 2
5 1
10 9
1 10
6 4
2 9
4 9
10 1
3 5
9 10
10 9
10 5
2 2
6 8
5 6
2 1
7 8
7 7
8 4
8 8
2 1
3 8
3 4
1 3
6 6
4 9
7 4
4 2
8 9
7 8
9 5
10 7
3 1
8 3
9 1
3 3
1 4
6 1
4 2
5 3
5 5
8 7
1 8
6 5
6 7
3 6
10 3
1 7
6 8
6 3
9 6
1 1
8 5
6 1
10 4
1 4
9 6
10 6
5 5
6 5
3 8
5 4
5 10
2 6
3 7
10 10
1 2
1 2
9 2
10 2
6 2
5 3
5 10
5 10
1 5
9 10
2 6
9 4
8 5
5 1
4 10
1 7
10 2
5 9
9 10
6 1
7 9
3 7
10 8
10 8
4 1
8 7
6 7
6 8
5 9
10 2
8 10
6 6
1 6
8 2
2 2
4 2
1 1
10 9
2 10
9 1
8 7
2 8
4 7
7 2
9 9
9 3
6 10
10 4
1 5
5 9
3 1
7 9
1 5
2 3
6 8
8 5
9 10
9 1
7 4
7 8
6 2
4 7
9 10
10 10
1 9
9 9
8 5
9 7
6 8
3 3
1 8
10 7
6 10
8 2
5 8
4 3
5 1
7 8
9 4
7 10
8 8
2 9
9 1
8 10
7 10
5 2
10 6
7 8
9 2
1 9
8 2
1 3
6 4
8 1
3 2
1 6
10 1
8 9
5 5
4 6
6 6
8 10
10 4
9 2
2 9
7 1
10 8
5 1
8 2
1 4
10 2
3 10
2 3
10 3
6 5
10 10
7 5
6 6
7 10
4 1
5 3
8 5
5 3
3 5
5 9
8 7
9 7
9 4
4 9
6 10
7 9
1 1
8 1
1 9
5 10
4 3
8 1
5 6
9 6
5 3
5 2
3 6
7 10
8 3
5 8
10 3
8 2
1 5
5 8
4 9
3 8
2 4
3 1
7 2
5 8
8 8
7 3
2 10
3 9
4 7
3 1
10 9
8 10
7 6
1 5
9 8
3 6
9 10
10 8
2 5
3 2
1 10
2 3
4 2
1 5
9 8
3 10
6 7
9 2
6 3
10 9
5 5
5 4
2 10
6 6
9 3
8 8
6 10
1 10
1 9
3 10
4 7
8 1
4 10
3 6
6 8
4 4
6 9
3 10
7 5
4 2
2 10
6 6
8 8
3 8
7 7
9 5
10 4
7 5
3 6
8 2
10 2
2 2
2 7
8 7
9 5
1 9
9 4
4 9
7 8
6 3
8 5
5 3
1 10
4 6
5 8
9 10
1 1
10 2
8 7
6 6
2 8
4 10
10 1
1 5
2 8
8 9
9 8
1 9
5 3
8 4
6 4
1 1
4 3
9 10
6 9
7 10
1 4
2 10
4 9
6 2
7 4
7 1
10 2
5 7
2 10
6 6
1 1
6 1
7 1
4 10
2 7
1 10
2 9
6 3
10 7
5 1
4 4
4 9
1 9
4 8
5 3
4 8
5 6
8 3
6 5
7 4
10 7
5 5
3 7
9 1
5 3
7 9
2 10
4 8
5 4
3 4
4 10
9 9
7 1
5 1
7 6
1 4
1 9
4 10
6 2
9 7
6 6
5 3
6 6
4 2
1 5
10 9
8 3
8 7
7 2
8 2
10 2
1 3
8 9
8 4
4 5
3 6
8 10
5 10
6 3
8 5
9 5
8 2
5 3
5 2
5 7
3 2
9 1
6 4
7 2
8 10
5 2
1 9
6 4
3 8
6 2
10 8
9 3
3 1
2 8
8 7
4 9
9 9
9 3
6 6
3 3
3 6
5 4
6 8
2 4
7 6
9 3
5 4
5 5
6 10
3 3
3 9
7 3
10 5
3 10
2 3
8 7
10 9
8 8
9 8
5 5
5 2
4 8
3 1
8 7
6 3
8 9
2 6
10 1
10 2
10 4
2 10
4 7
7 7
9 6
9 1
9 9
3 9
2 7
7 7
5 1
9 9
6 2
9 2
9 4
1 9
2 4
6 1
2 4
6 5
7 6
2 5
3 3
10 5
9 8
4 4
8 2
10 4
6 3
3 1
1 4
9 1
2 4
9 2
10 6
6 1
2 2
3 7
4 6
10 9
1 5
8 10
8 1
8 10
10 7
3 9
2 6
10 4
9 4
1 1
5 5
2 8
7 9
4 3
5 8
1 2
5 5
9 9
1 8
3 3
5 4
2 3
7 3
9 8
4 3
7 7
4 1
9 5
10 8
1 1
5 10
10 2
4 9
8 6
2 4
4 7
2 5
7 8
10 2
10 3
10 9
2 2
7 7
9 10
6 3
4 3
7 9
9 9
9 6
8 5
9 1
10 8
6 10
6 4
3 5
6 8
6 2
5 8
6 9
1 9
7 4
4 10
18 17 63
10 20 69
16 19 85
15 12 99
16 17 56
17 10 58
19 11 84
17 18 56
12 19 95
11 19 55
18 18 79
16 15 85
20 19 73
11 17 68
17 19 55
10 18 72
17 16 66
14 20 70
14 18 100
16 13 87
19 13 76
12 10 75
14 12 92
14 16 68
18 16 71
17 12 72
19 18 95
15 18 76
19 15 75
19 11 98
11 11 57
18 19 70
19 15 96
11 20 72
16 19 100
17 14 78
19 20 65
13 11 78
19 19 50
13 15 100
19 14 66
16 13 89
16 12 60
19 20 89
13 16 55
20 20 85
13 18 50
10 18 80
14 14 56
14 10 55
17 11 99
17 13 81
20 19 62
12 17 64
15 12 61
19 11 52
18 12 67
14 12 95
10 10 93
17 19 77
20 13 63
13 18 86
13 15 66
13 15 55
12 14 52
12 11 69
13 10 88
14 20 99
20 19 93
14 17 96
10 15 56
16 16 82
10 11 71
18 11 56
14 16 94
12 19 99
13 11 79
19 11 93
15 13 52
10 10 66
10 20 94
14 14 66
18 13 83
16 10 51
11 14 52
16 12 67
13 11 96
14 12 88
19 17 93
14 19 75
20 10 57
12 13 95
19 17 100
17 17 98
10 20 63
15 19 88
11 17 88
17 18 65
13 18 76
11 15 82
17 18 69
13 16 63
11 18 60
15 13 93
14 16 54
19 11 92
11 14 96
19 10 63
12 15 100
20 12 55
13 19 68
20 19 90
19 17 72
20 17 84
18 11 68
16 16 51
10 20 71
16 16 50
11 16 85
16 17 94
14 14 55
19 20 60
20 10 62
12 12 50
16 14 82
15 16 87
10 15 60
17 16 77
16 20 90
14 19 59
10 11 85
17 10 96
18 15 81
19 16 68
19 16 69
10 17 72
10 19 69
20 16 69
10 13 98
11 17 52
10 19 58
18 14 71
18 13 90
14 17 80
17 16 97
13 12 70
16 18 72
16 13 65
20 17 74
12 15 75
13 15 54
19 17 53
20 13 99
13 10 83
17 20 89
18 10 89
19 13 52
10 13 83
20 19 68
20 16 61
11 14 61
16 14 66
15 18 74
16 12 81
10 16 100
19 12 79
20 14 55
15 17 50
16 20 94
14 11 55
20 19 71
18 11 73
13 18 79
12 15 61
19 18 55
10 20 78
11 17 84
14 16 85
11 20 95
18 17 57
14 16 97
17 16 65
18 18 69
11 12 72
20 13 75
20 20 63
10 12 99
15 20 89
16 13 93
12 15 51
16 15 77
12 10 85
17 13 50
14 11 96
17 17 86
20 10 75
19 14 73
18 14 70
14 15 80
20 20 61
13 14 91
17 10 60
17 13 80
20 20 98
14 11 83
13 20 52
17 11 68
11 13 60
14 18 75
17 16 95
19 10 78
19 12 94
17 16 74
13 16 70
18 20 63
11 18 71
13 17 67
13 15 84
11 15 66
10 19 58
14 12 100
19 20 80
13 15 71
14 19 65
19 20 88
10 14 100
18 20 75
10 18 94
20 17 57
11 18 54
19 19 52
14 19 79
16 20 77
18 11 69
14 13 99
11 16 87
16 11 89
15 16 94
20 14 66
12 16 91
18 10 88
20 11 71
12 19 93
20 20 81
11 14 76
20 18 84
20 14 64
20 18 57
13 16 98
14 18 62
16 20 90
10 12 100
17 17 92
15 17 62
16 12 93
20 16 75
15 15 52
18 19 54
19 12 67
20 12 82
14 14 54
20 15 84
11 18 64
12 11 60
12 15 66
14 10 87
13 12 67
20 18 81
12 14 85
17 16 53
20 20 96
17 20 56
11 20 94
19 14 91
20 15 59
20 14 71
18 17 82
11 13 74
13 12 80
19 10 74
12 15 73
20 18 51
12 15 57
11 15 98
18 12 51
14 16 53
17 14 94
20 15 57
11 14 68
16 18 90
11 19 67
14 18 85
19 20 77
14 20 71
19 10 77
13 16 74
14 13 81
13 13 53
20 17 93
11 18 81
17 20 77
11 13 68
15 13 74
12 11 57
11 17 51
19 12 91
17 13 77
14 18 88
16 12 61
10 19 63
17 18 90
16 13 88
18 10 68
14 20 70
19 17 56
16 18 87
17 18 86
19 16 58
20 12 92
16 17 54
17 13 83
11 17 76
11 12 79
17 18 68
10 20 88
10 19 66
12 18 82
18 15 57
14 20 64
17 12 72
19 20 73
10 20 79
14 17 86
13 17 94
13 11 66
12 12 92
17 12 78
11 11 98
17 18 92
20 11 80
11 15 59
11 10 66
14 16 98
18 14 66
12 16 65
15 12 56
19 20 62
18 19 55
19 16 74
19 12 95
20 16 54
15 17 95
10 11 83
11 12 70
19 18 88
10 20 63
16 13 51
10 20 65
16 16 53
20 17 90
14 16 71
17 19 83
13 18 52
20 16 70
19 10 98
13 18 56
11 15 96
13 10 67
15 17 50
20 14 83
14 20 50
12 20 94
16 12 54
10 13 100
10 20 66
15 19 69
17 13 51
14 16 50
20 16 61
19 18 58
14 17 54
17 14 77
13 17 60
12 13 76
15 20 70
16 15 88
18 20 69
15 11 51
14 14 93
18 12 62
17 10 97
12 16 50
12 19 91
14 19 51
19 14 82
15 14 82
16 12 99
15 20 54
14 20 62
14 13 91
20 14 91
12 11 99
17 19 83
13 15 56
19 13 63
20 11 84
13 12 52
12 20 87
12 19 73
15 16 83
20 18 72
12 19 69
18 15 51
20 12 74
12 18 53
15 15 57
15 16 66
17 20 85
19 20 60
12 10 83
10 10 80
17 16 53
17 18 73
12 15 62
19 19 58
17 12 68
17 16 78
14 16 95
13 15 69
18 12 62
20 15 81
20 10 67
15 17 61
14 14 73
13 16 99
16 15 70
15 19 66
18 14 80
17 10 81
10 10 66
17 15 53
11 17 66
20 18 71
20 13 85
11 16 75
17 14 94
13 19 51
11 14 63
16 15 75
12 10 51
14 17 96
18 20 64
15 20 54
13 11 57
12 19 77
16 16 85
13 10 76
14 17 65
18 20 55
13 19 87
20 13 51
10 15 60
19 15 98
19 15 60
14 19 55
15 12 52
20 19 84
17 13 87
16 18 81
13 14 55
14 12 95
20 12 88
13 10 86
13 10 96
18 19 83
18 20 58
11 15 65
14 16 56
11 16 65
19 13 63
14 10 90
10 17 74
13 13 90
12 15 88
10 19 99
13 16 70
18 10 95
18 14 65
10 20 53
17 13 71
13 14 76
12 20 55
17 19 68
16 10 83
18 18 92
13 18 59
16 19 58
20 12 66
20 12 64
16 17 69
20 15 61
20 20 68
20 11 62
19 11 67
12 10 57
20 13 68
19 19 52
11 13 77
13 20 73
20 10 51
20 15 61
12 15 90
15 15 100
11 16 92
18 20 57
10 14 57
12 18 83
10 20 61
17 12 76
11 12 86
11 16 58
13 14 97
19 10 62
13 20 96
15 13 54
14 18 73
14 12 94
19 14 66
14 15 67
13 12 59
15 19 74
12 16 98
14 13 92
13 17 95
16 12 98
14 17 78
19 14 62
17 10 71
12 17 92
10 12 84
20 10 92
16 12 51
17 16 93
16 13 85
18 11 94
14 16 91
15 11 79
17 12 77
14 10 52
17 17 87
16 20 75
20 16 82
20 18 74
19 18 58
15 19 70
13 19 65
17 12 85
13 19 77
15 14 74
13 16 59
13 10 55
15 19 51
18 12 55
20 11 65
10 14 58
12 15 61
20 17 100
19 16 63
17 13 72
11 20 68
17 17 87
11 12 72
18 20 67
19 13 70
14 14 88
13 15 74
20 15 92
19 19 96
10 11 82
19 16 81
15 16 77
15 13 51
13 17 90
11 14 95
18 16 57
17 10 59
20 16 95
19 20 72
11 17 90
14 13 52
14 11 64
17 10 55
17 11 59
16 12 80
11 11 84
11 14 76
11 18 99
10 12 93
20 20 99
17 18 52
14 14 100
19 11 84
12 14 62
18 20 93
19 17 93
10 19 59
13 17 54
11 19 96
14 13 59
13 17 75
17 11 52
11 14 71
10 12 89
11 20 92
18 19 92
11 17 84
10 18 71
16 16 76
16 12 72
16 19 51
20 11 70
16 17 81
11 17 55
20 18 61
18 13 63
13 20 67
20 13 51
10 14 73
12 18 66
14 16 93
12 12 55
16 12 58
14 10 61
20 20 89
12 13 55
19 16 71
16 12 83
16 19 99
15 14 64
19 11 99
10 12 52
12 17 100
10 13 77
16 12 71
18 20 64
17 16 76
16 18 63
15 15 99
17 19 92
20 18 91
20 17 82
12 15 68
15 17 98
15 18 58
10 11 77
19 16 55
14 15 61
18 14 97
20 19 53
20 12 74
19 16 87
13 17 81
20 20 78
11 16 96
13 18 50
20 12 79
12 13 68
14 16 68
20 12 72
20 12 59
17 17 95
19 20 68
15 16 53
12 19 75
19 15 58
10 19 64
13 17 74
15 14 71
12 15 63
15 12 85
13 10 64
16 16 60
11 16 81
15 18 55
11 19 100
14 20 61
19 17 85
19 14 71
14 17 99
13 13 57
10 11 53
10 12 84
20 20 64
16 13 64
19 10 81
12 16 75
11 14 65
19 11 70
14 10 93
17 14 83
10 17 94
19 10 72
20 13 58
10 13 91
17 17 89
14 12 79
17 18 94
20 16 95
12 11 69
16 19 90
10 20 84
16 11 82
15 15 52
18 19 50
20 16 60
10 15 67
17 14 92
12 17 68
13 20 65
10 11 53
17 17 55
14 18 50
19 16 75
20 13 50
10 16 78
16 20 59
10 13 62
18 11 97
17 17 62
16 15 89
20 15 71
17 10 94
18 13 81
20 17 95
13 16 83
11 18 91
18 13 60
18 13 78
20 11 82
11 13 90
15 17 99
11 11 87
14 18 69
16 11 64
19 17 85
10 19 100
14 11 52
13 14 56
10 13 62
20 20 85
