800 800
8 4
3 8
8 1
9 6
2 7
2 8
8 8
6 10
6 6
4 8
3 1
7 3
3 10
2 8
4 4
7 3
4 1
7 2
6 3
5 7
10 2
1 9
10 9
2 10
8 5
2 10
7 3
9 10
8 9
1 1
5 5
9 1
8 8
8 6
5 6
6 5
2 10
8 9
6 4
3 3
5 5
7 3
3 7
4 2
2 3
6 2
6 4
3 2
10 3
8 4
2 7
4 6
7 10
2 6
7 8
10 7
9 6
6 5
1 8
1 1
4 1
2 8
6 8
4 6
8 8
6 8
7 10
5 2
10 4
8 10
5 1
2 5
8 5
5 1
2 5
8 3
1 4
4 10
1 3
7 4
2 4
2 4
7 6
6 9
7 2
2 10
9 3
6 1
10 8
8 6
1 6
5 10
2 1
8 6
7 7
7 1
4 8
10 4
8 4
3 2
3 6
5 3
8 4
5 2
4 4
7 7
9 1
8 2
1 2
2 7
9 1
10 9
1 3
4 10
1 8
1 6
6 9
6 10
7 3
1 9
7 1
4 5
6 6
7 6
9 6
1 5
6 4
3 1
8 7
5 3
7 7
10 4
10 6
6 9
9 3
8 8
5 9
4 4
8 2
9 8
10 4
3 6
2 4
1 4
10 8
4 8
5 1
2 5
1 3
2 5
7 8
7 4
5 6
6 9
7 3
8 1
2 3
3 6
5 8
2 7
7 6
1 9
1 8
9 6
7 6
9 5
7 1
8 5
10 10
3 4
8 3
9 10
2 8
6 10
6 2
5 6
5 5
4 2
1 9
5 1
7 7
2 3
8 3
10 5
1 9
1 1
7 5
6 8
8 10
4 9
10 10
2 10
2 8
4 7
8 9
7 10
7 7
1 4
7 2
1 6
6 3
2 1
6 1
6 7
9 9
8 2
2 10
6 9
3 7
8 7
10 10
4 10
4 6
7 8
2 2
9 4
2 5
9 4
6 7
6 7
10 4
3 10
1 9
3 9
8 1
3 6
1 8
3 2
2 5
8 1
5 2
9 8
2 1
2 4
8 6
9 2
1 4
3 8
3 9
6 4
5 1
7 3
5 9
2 4
3 2
5 4
6 4
4 7
9 7
10 10
5 5
9 9
4 2
1 5
4 5
8 1
6 7
7 6
3 8
9 2
10 5
5 8
8 6
9 1
4 4
10 9
4 8
3 10
3 9
3 9
9 1
1 3
8 2
6 2
4 7
5 8
8 5
3 5
6 10
8 7
9 7
10 2
5 7
7 10
8 3
2 7
10 9
2 8
1 3
4 5
4 8
3 6
5 1
5 10
6 5
3 10
6 1
8 9
7 8
7 3
8 7
5 6
3 9
6 6
4 10
8 3
9 4
1 5
4 7
10 2
8 5
3 5
1 6
10 8
6 5
3 8
5 5
3 10
1 3
7 7
10 4
3 9
6 8
3 9
8 1
3 10
8 4
2 4
6 5
2 2
5 10
7 10
8 1
4 4
5 6
9 7
8 4
1 2
6 4
6 1
6 4
9 4
10 7
5 7
6 3
10 8
1 9
2 3
8 8
2 2
4 1
7 6
8 7
6 8
10 5
7 1
6 9
2 3
2 1
3 7
1 1
10 7
9 6
9 1
8 6
2 4
8 2
2 4
8 9
1 8
3 3
8 5
5 1
10 10
2 7
10 1
10 4
1 2
3 5
8 5
10 8
5 4
3 3
3 4
2 10
2 5
5 3
5 1
1 2
7 6
4 3
5 3
3 5
4 2
3 7
9 10
5 2
10 2
7 9
8 1
10 9
9 3
8 7
9 7
8 1
2 10
2 8
8 7
7 9
1 7
6 3
7 5
10 8
3 9
9 7
4 6
8 4
3 8
1 5
3 7
7 5
4 8
8 1
5 8
9 6
7 8
10 4
7 6
10 6
1 9
3 3
4 1
5 10
7 10
2 2
5 9
7 9
1 8
3 5
5 2
4 7
1 8
3 8
1 8
8 2
8 2
4 8
9 8
4 1
9 3
1 10
10 8
9 7
10 1
6 5
3 5
9 10
1 6
4 7
1 7
8 6
7 10
7 7
2 3
6 4
2 10
9 8
1 7
9 9
1 9
10 9
1 10
1 10
4 4
6 2
8 5
1 2
5 8
5 6
4 7
9 7
8 8
9 6
1 7
8 4
3 9
9 5
9 6
4 7
10 8
10 1
3 7
9 7
10 5
5 5
7 7
5 3
7 8
8 8
4 10
5 4
1 3
10 7
4 1
1 5
4 1
3 10
5 5
5 6
5 5
7 6
10 3
2 4
1 10
2 3
8 6
2 1
1 6
1 6
8 7
1 4
7 4
2 5
10 9
4 9
4 6
4 2
6 1
10 3
5 2
5 4
4 9
7 8
10 10
7 4
6 8
8 6
7 1
6 3
4 6
7 2
1 6
5 7
2 3
2 4
6 2
3 4
3 3
4 6
5 4
7 7
2 2
2 3
9 6
8 8
4 5
4 5
7 10
2 10
9 8
7 3
4 3
4 9
7 5
10 1
6 2
2 4
2 5
6 3
6 8
3 1
2 4
6 10
2 2
6 10
7 9
6 10
7 8
10 7
8 10
3 7
2 1
2 9
10 1
8 5
6 4
7 3
1 4
8 10
10 9
2 3
1 3
7 7
9 3
4 4
9 7
6 3
1 7
3 2
9 3
1 5
2 8
10 7
3 4
5 5
4 1
1 7
10 10
2 2
5 10
3 1
4 5
4 9
7 5
5 3
5 8
6 4
2 9
3 6
10 5
7 10
8 6
2 8
4 2
2 1
1 6
6 4
5 9
1 9
9 2
4 1
8 9
3 1
7 7
9 4
8 1
10 6
9 6
4 10
5 3
10 6
7 5
8 9
7 8
2 7
8 9
6 1
2 3
2 7
2 1
9 6
1 8
9 3
10 9
9 1
8 3
8 10
4 9
5 1
2 8
10 4
9 2
2 2
4 10
1 3
1 10
6 2
8 3
9 6
10 5
5 7
6 2
2 9
8 7
1 4
10 1
8 4
8 2
5 10
1 4
7 3
4 7
5 4
9 5
1 9
3 4
8 1
1 7
8 3
10 1
8 2
8 9
8 8
4 8
4 4
4 4
10 5
2 5
8 1
7 8
3 1
1 1
3 8
5 4
10 4
5 9
1 6
1 10
9 1
10 1
7 3
9 9
10 8
6 5
1 4
7 5
9 1
6 1
5 5
7 7
1 7
4 5
3 8
8 9
3 3
8 4
10 8
3 1
9 6
7 7
8 3
10 1
4 5
10 4
3 10
1 4
9 5
8 6
2 8
4 2
9 4
8 1
6 7
5 6
10 5
8 5
8 2
10 8
9 5
5 6
10 2
4 10
9 10
6 5
2 2
4 6
10 10
9 8
5 1
8 1
1 2
4 6
5 5
10 3
10 1
3 2
6 4
9 10
10 9
9 10
9 4
5 1
4 5
8 9
8 4
10 9
1 7
6 10
3 4
4 3
4 3
5 4
1 3
2 7
9 7
10 8
8 4
9 9
4 6
6 7
2 4
10 7
7 4
10 1
4 2
8 4
6 3
2 2
6 3
6 9
10 15 84
17 15 57
16 16 92
10 16 64
20 18 71
19 11 86
20 13 57
19 16 72
10 19 76
15 19 75
12 20 61
19 18 83
17 19 83
18 11 88
16 18 76
12 15 85
10 11 84
19 12 61
13 18 55
12 15 75
16 19 85
12 15 71
11 12 64
15 12 79
13 20 90
12 14 61
15 18 87
16 20 96
11 12 85
16 20 98
20 12 97
10 16 67
19 13 66
15 15 89
17 16 78
16 11 88
15 13 90
16 10 50
14 11 75
16 18 73
15 12 86
12 16 53
20 10 69
19 11 93
15 11 97
19 20 65
18 12 94
17 11 96
19 13 90
14 11 87
18 18 66
19 12 50
16 15 74
12 14 69
20 15 86
10 10 98
11 17 86
18 15 95
13 15 84
14 11 69
17 11 79
11 19 91
10 20 71
16 18 96
20 13 94
16 16 55
16 15 88
16 13 97
17 15 75
11 12 58
17 11 55
18 19 98
10 18 69
14 12 65
18 16 68
10 18 97
11 16 100
19 16 58
15 16 78
17 14 83
18 17 85
13 20 69
20 11 93
12 20 85
12 20 84
20 16 90
16 17 72
19 19 53
10 16 85
11 11 99
20 12 93
20 15 77
10 11 89
13 11 81
13 15 60
11 11 88
10 20 58
13 13 83
12 15 85
13 17 83
10 13 52
16 13 80
20 13 99
10 12 82
16 20 72
16 10 58
20 14 53
14 18 57
11 10 57
11 18 100
13 18 83
10 19 82
14 18 86
14 10 97
19 13 69
13 14 65
14 15 78
12 19 80
14 16 86
13 20 61
13 16 56
14 14 78
19 12 73
16 13 53
17 19 84
18 20 84
17 14 97
15 13 53
12 10 97
17 13 63
12 11 69
13 13 62
15 10 94
15 20 84
16 19 76
20 18 82
19 19 54
19 17 82
18 18 87
17 18 95
13 17 90
16 10 79
17 15 59
11 19 88
11 12 67
13 14 71
15 10 51
11 18 74
14 10 56
18 10 96
19 13 67
14 12 72
11 18 89
12 20 51
15 18 93
19 13 58
19 18 85
16 10 70
14 15 98
17 16 98
10 14 53
14 15 63
14 14 51
19 15 81
13 14 88
18 12 70
18 18 50
16 16 96
20 16 94
14 10 85
19 11 89
17 18 62
17 10 61
19 20 100
17 13 52
12 11 72
12 14 59
19 13 88
10 12 62
10 14 90
13 16 100
17 13 69
10 19 58
19 16 94
11 13 93
19 20 69
11 11 77
10 18 95
11 18 82
11 18 70
17 18 97
11 11 70
15 13 100
11 11 66
13 16 71
16 11 97
12 13 99
18 17 55
11 10 88
20 12 57
10 14 70
15 12 82
17 14 98
15 11 89
18 16 69
10 15 84
14 16 74
14 10 56
12 19 77
11 13 58
10 13 58
16 19 72
11 20 50
16 19 74
13 18 61
18 16 90
15 13 84
20 12 77
13 16 82
15 11 74
15 11 64
15 12 70
18 20 50
18 18 100
19 19 54
11 14 77
13 17 98
10 14 92
13 16 97
18 17 53
11 10 71
16 16 58
13 19 76
17 14 60
13 16 53
17 18 83
11 18 74
11 20 52
20 17 85
15 11 77
11 20 60
18 18 85
13 19 69
17 14 99
11 18 97
12 14 95
20 15 99
11 10 87
17 13 79
16 13 86
19 14 86
14 19 79
10 18 94
11 15 58
19 12 73
20 20 85
15 14 85
11 10 76
19 20 81
14 17 86
12 15 88
20 14 100
11 15 83
17 12 73
12 19 90
17 18 76
10 18 88
18 14 87
14 18 80
16 14 95
12 10 96
16 12 79
10 13 86
16 15 91
19 11 90
15 16 57
15 13 68
10 20 70
15 20 76
15 12 97
15 13 81
11 16 66
12 15 90
10 19 67
10 14 50
19 16 55
17 10 93
15 16 91
20 16 100
16 14 75
18 10 90
11 14 93
14 12 63
17 13 52
10 15 81
14 19 69
16 18 66
11 12 55
19 16 65
16 19 98
12 16 86
10 12 74
15 18 63
17 14 55
14 18 98
12 14 69
19 18 100
16 17 79
20 20 66
14 20 76
20 16 73
14 20 100
18 18 81
14 12 61
12 16 100
12 13 61
11 12 62
13 20 52
18 10 72
12 16 74
14 12 50
10 13 78
18 11 100
10 19 76
12 10 78
19 17 84
20 13 96
11 15 82
18 18 57
12 14 63
18 10 50
10 15 68
15 18 92
20 18 66
18 19 54
15 18 87
15 11 74
10 18 97
17 14 89
18 16 73
19 12 78
20 10 57
12 19 80
11 13 51
19 11 64
18 17 69
13 14 56
11 15 97
19 18 83
16 17 75
15 16 60
20 14 61
20 12 55
18 20 62
20 11 99
12 18 87
15 19 57
11 19 82
17 11 60
11 15 86
18 15 89
10 19 67
12 12 93
11 20 86
19 11 95
19 15 98
12 17 89
15 18 69
20 20 91
11 11 59
12 10 50
14 15 62
16 19 83
14 18 68
11 16 71
16 20 69
14 15 81
18 10 70
19 12 71
19 14 69
14 13 93
11 10 61
10 10 50
10 11 72
13 20 79
20 13 88
14 11 88
11 20 96
14 10 51
18 19 61
20 13 51
13 11 74
11 14 75
19 13 73
15 11 75
19 16 66
16 14 55
19 10 82
15 16 84
19 12 100
12 20 63
18 13 94
12 15 92
10 16 66
20 14 68
18 12 86
13 20 90
10 10 66
18 20 58
15 13 75
17 17 83
13 16 80
13 14 82
14 14 58
14 18 53
18 10 70
17 11 67
11 20 57
12 16 57
18 17 93
11 20 71
15 17 71
18 11 84
14 15 98
16 16 56
19 14 88
18 12 52
19 12 57
20 16 70
17 15 71
15 14 69
15 12 51
20 18 97
13 10 95
10 13 100
17 12 69
13 14 89
13 11 82
10 18 70
14 11 91
16 15 74
14 20 94
13 16 56
14 12 69
19 20 89
20 19 51
12 18 55
20 16 63
18 12 80
18 17 58
19 15 93
16 16 93
18 16 53
14 18 56
17 13 55
10 15 90
11 11 65
11 11 88
19 16 98
19 12 60
14 18 99
16 16 50
16 20 65
18 14 86
19 14 52
17 10 75
15 14 89
19 10 53
18 13 58
16 20 52
10 14 87
14 15 65
16 16 83
15 11 93
20 13 72
18 13 88
14 17 68
14 18 50
15 14 62
16 19 63
16 16 99
16 16 55
18 11 70
11 11 57
13 10 95
18 14 81
19 16 77
17 14 57
18 17 88
12 14 55
20 15 99
15 19 59
19 17 75
14 20 93
12 16 85
17 16 64
18 11 55
16 16 75
17 16 91
20 15 84
18 11 52
16 20 84
12 18 55
19 17 100
12 17 70
20 17 93
20 16 50
14 16 77
13 16 55
18 10 83
19 20 73
13 20 57
18 15 79
16 10 60
16 19 57
12 20 79
18 16 83
18 14 91
19 11 75
17 20 59
17 16 58
18 19 70
10 16 57
10 18 97
17 15 57
11 13 60
18 20 69
13 19 88
11 18 78
14 16 93
20 16 91
12 17 100
14 12 71
18 20 94
15 12 60
19 19 52
14 10 55
14 10 88
18 18 80
11 16 67
20 10 100
15 11 63
13 16 83
10 12 99
14 11 72
19 15 74
14 20 74
18 19 70
19 17 84
11 15 70
19 14 90
16 13 60
14 14 69
20 15 64
19 12 78
19 19 86
11 10 55
14 18 53
20 19 96
10 12 57
19 19 77
17 14 58
11 13 66
16 11 92
13 11 66
15 10 55
18 10 64
11 12 95
12 19 58
16 15 53
13 16 98
14 16 51
16 15 94
18 15 93
10 14 80
17 17 69
13 20 70
16 13 84
13 14 71
10 20 100
19 16 89
17 11 56
12 16 70
19 12 88
19 12 88
15 10 96
16 18 92
11 18 62
11 11 69
13 16 58
15 20 65
20 11 100
10 19 97
14 17 74
20 12 72
13 14 67
17 11 98
12 15 89
13 10 67
16 13 72
14 12 59
11 18 76
10 20 65
11 10 92
11 20 85
20 12 68
13 13 96
11 13 56
14 16 91
14 10 67
16 20 100
17 14 59
11 15 98
18 13 99
13 16 54
14 18 50
14 18 88
11 10 94
14 16 85
17 10 74
19 15 59
18 10 63
10 17 67
14 16 86
20 18 80
18 18 52
20 15 53
11 13 67
13 13 74
15 19 100
20 12 70
16 15 87
19 17 83
18 17 52
13 11 81
18 12 79
20 19 74
16 10 62
15 13 82
11 13 65
19 17 89
11 12 81
14 19 64
10 17 80
12 16 93
19 19 92
12 15 78
15 13 66
18 16 55
20 11 100
16 13 81
13 12 83
20 19 81
17 12 83
14 17 97
16 13 57
10 18 85
20 13 64
16 13 69
17 19 84
13 17 59
19 18 85
14 15 99
10 15 98
19 12 57
20 12 57
14 11 89
17 13 84
13 13 95
10 16 100
12 14 89
15 19 60
14 13 64
10 15 67
15 17 54
14 14 52
18 15 53
11 11 99
18 13 64
19 14 60
16 15 52
19 13 59
17 14 55
18 13 77
10 11 90
20 14 64
15 19 89
11 20 100
10 18 91
11 10 75
18 11 78
11 18 64
12 16 80
16 10 93
11 14 60
15 14 64
17 20 61
17 13 79
13 14 93
11 12 59
12 11 50
16 11 94
20 19 54
19 13 51
13 13 88
17 10 60
20 16 54
11 16 75
17 14 70
11 17 86
18 16 60
13 10 65
14 19 88
19 10 79
18 12 84
11 14 61
16 18 61
17 15 77
18 18 95
20 16 91
20 10 73
17 15 61
17 14 53
18 17 82
13 11 56
10 20 57
17 13 86
10 19 57
10 12 93
19 18 53
20 13 58
11 15 53
18 13 100
17 20 72
17 14 57
15 13 93
12 12 90
19 11 58
20 16 65
11 13 60
19 13 100
13 19 73
12 11 77
17 10 59
20 10 88
10 14 89
12 13 64
16 17 71
14 14 76
19 13 55
13 15 59
14 18 63
18 18 59
17 17 71
10 19 73
20 13 80
20 16 61
15 14 96
15 18 58
13 16 96
14 11 64
19 12 84
19 15 70
14 13 91
10 20 100
18 17 94
17 20 87
17 13 50
14 19 51
20 19 60
20 10 100
14 17 74
19 13 89
14 11 63
11 12 93
13 19 61
20 14 82
10 13 62
20 13 68
12 18 88
19 19 58
15 12 73
12 16 82
17 17 93
10 13 60
18 10 74
13 16 57
15 20 71
20 12 77
17 20 79
10 17 81
16 10 52
15 14 74
18 18 96
14 16 65
10 19 55
20 19 89
12 12 69
17 12 80
14 10 61
