850 850
6 3
2 2
3 3
3 4
6 1
3 6
6 1
10 2
8 10
3 4
10 4
7 5
3 5
5 8
6 8
9 6
10 1
3 2
5 1
7 2
3 3
8 3
6 7
4 9
10 9
7 3
3 1
3 7
7 2
6 2
5 1
6 4
8 2
8 5
9 7
4 7
7 1
10 10
9 1
1 3
3 9
7 2
10 6
4 1
9 8
4 2
5 4
4 1
5 7
10 9
10 10
1 10
6 9
1 10
5 2
5 3
5 9
1 3
3 7
4 2
10 3
8 10
1 9
9 1
10 6
6 7
2 4
4 3
9 8
1 2
4 1
4 1
6 7
8 1
7 4
9 2
1 2
9 5
9 2
1 3
1 2
6 4
3 2
9 8
7 3
4 7
4 1
1 2
10 4
3 1
1 9
2 5
3 10
1 7
2 4
9 4
1 2
2 2
5 6
3 1
7 4
1 3
2 5
7 1
9 2
4 6
10 4
5 2
1 4
4 5
4 4
6 3
3 6
9 1
10 7
7 2
5 6
2 4
1 3
1 5
3 8
9 9
7 8
9 1
9 6
4 5
7 2
5 6
3 8
7 3
2 5
7 1
10 9
5 5
10 4
5 9
5 3
9 3
5 3
2 1
6 9
8 10
10 1
4 9
4 3
2 4
10 5
4 3
9 1
2 6
1 1
2 7
3 7
6 1
9 4
10 3
6 4
1 8
4 8
5 10
7 7
6 10
6 3
2 4
5 10
7 10
1 10
10 10
4 3
6 9
6 10
6 3
7 3
10 4
1 6
1 2
8 5
6 6
3 4
7 10
4 6
6 2
2 2
7 8
8 3
9 8
7 3
5 7
5 3
6 8
4 8
2 6
4 8
9 7
6 8
9 9
9 8
4 4
1 10
6 2
9 1
8 4
4 3
5 7
6 9
5 2
5 9
4 4
6 7
6 9
10 4
9 10
8 4
2 6
10 7
3 8
7 5
4 1
8 1
8 1
2 7
1 6
8 5
1 8
7 1
8 6
2 5
3 2
6 8
3 10
1 6
1 8
8 4
1 3
1 5
4 8
6 6
5 3
5 4
5 1
5 6
6 8
5 1
6 10
10 3
2 6
8 1
9 9
8 7
6 8
9 4
4 10
7 5
7 5
9 5
8 2
6 7
8 2
4 3
5 3
9 10
8 3
1 5
3 9
6 1
9 6
1 1
7 2
1 2
7 9
9 4
1 10
1 3
10 10
9 4
2 1
1 1
2 6
2 10
1 6
10 5
7 4
3 2
4 9
3 2
1 9
6 7
8 1
3 7
7 9
2 4
4 1
2 9
3 1
3 8
5 8
4 9
5 4
3 2
5 1
4 7
10 6
6 3
5 1
10 1
9 10
8 4
7 1
10 6
6 8
1 1
2 1
2 2
3 8
7 9
6 4
9 8
8 6
5 8
1 4
5 1
7 1
10 10
1 8
4 2
9 10
10 8
6 6
2 4
5 8
2 5
9 4
8 5
5 3
2 3
8 8
6 1
2 1
5 10
2 8
7 10
5 4
10 8
4 2
5 6
4 8
2 1
4 5
7 2
6 7
8 8
9 5
7 6
5 4
7 7
1 2
4 5
7 9
2 6
4 3
9 3
6 5
9 8
10 4
8 4
8 5
3 2
2 5
3 5
5 8
1 5
5 3
3 6
6 8
1 1
1 7
10 5
9 10
10 9
5 8
1 7
6 6
7 5
3 6
4 7
3 6
7 6
8 9
3 5
5 5
3 6
4 1
4 8
4 9
6 6
1 3
9 9
9 6
3 2
1 1
5 9
8 7
8 6
10 3
6 5
1 9
4 8
8 10
2 2
1 9
7 4
10 6
7 1
5 10
6 4
6 8
7 7
9 8
6 6
4 5
1 7
5 1
5 8
3 5
5 6
3 10
9 8
9 4
6 8
10 2
6 4
1 1
2 7
3 8
5 10
4 8
8 4
10 9
10 8
1 4
3 1
4 1
1 7
6 3
7 1
1 9
1 6
7 4
1 9
8 7
2 1
6 10
9 6
5 10
4 2
6 9
5 8
5 1
10 5
8 9
7 10
9 4
10 5
1 6
9 4
7 9
2 3
7 8
9 9
3 1
6 4
9 6
7 5
7 5
8 6
1 10
5 7
1 10
3 6
9 3
4 9
8 8
8 7
2 9
9 8
5 6
2 3
8 1
5 5
3 7
9 10
9 10
1 1
3 9
5 3
10 2
10 6
2 7
7 10
3 6
1 7
1 8
1 8
7 3
9 7
8 7
5 4
3 3
5 7
6 1
5 1
4 5
6 1
9 1
8 3
2 9
3 5
2 4
4 6
3 7
6 5
9 3
4 3
6 9
8 4
8 6
9 10
5 5
8 8
3 10
1 1
7 5
6 3
8 2
4 8
5 2
2 3
5 3
1 1
3 10
6 2
6 4
2 1
6 5
9 10
1 10
1 10
7 2
3 2
4 5
3 3
4 8
8 6
8 1
2 1
2 2
5 1
7 3
8 1
4 8
10 4
2 5
2 6
10 6
8 2
1 6
6 5
8 4
7 5
10 10
8 8
1 2
5 8
8 6
9 4
9 3
9 9
7 3
8 2
10 10
10 5
3 4
9 8
4 1
9 10
8 5
10 10
3 8
2 10
6 1
2 10
8 2
2 7
1 4
5 8
4 5
9 3
3 3
2 1
1 10
9 10
9 2
1 5
5 1
2 8
1 7
2 2
9 1
1 2
5 10
4 1
9 5
5 5
8 7
4 5
5 1
10 1
5 5
10 10
7 2
8 10
6 5
3 10
3 4
3 2
9 3
8 3
5 6
7 2
4 3
5 9
1 7
6 2
8 4
7 8
4 7
1 5
7 9
8 4
10 8
7 5
9 10
5 5
1 4
9 5
7 2
1 3
6 1
10 5
4 8
1 6
5 10
10 5
1 10
6 5
2 2
5 4
3 4
6 7
5 5
5 4
5 2
9 3
5 4
6 8
1 10
4 1
10 9
10 3
7 8
6 10
7 1
1 8
5 8
9 4
10 1
7 5
8 1
9 10
9 8
5 7
2 1
3 3
5 5
6 3
10 8
9 7
7 10
4 6
8 3
9 9
9 4
4 1
7 8
8 8
10 5
8 5
8 4
10 3
10 3
7 9
10 2
10 1
2 9
4 6
6 2
8 5
1 7
5 5
3 8
5 8
7 5
8 6
1 1
8 3
3 7
7 8
5 8
6 8
10 1
4 6
3 8
10 7
7 2
7 1
4 8
1 5
8 6
8 9
3 2
10 1
9 1
5 7
9 3
2 1
6 3
3 9
5 1
4 3
2 9
9 10
1 6
1 5
5 9
3 8
4 7
9 4
1 3
4 10
8 4
2 5
3 4
2 5
8 4
5 5
7 8
8 5
3 3
2 10
9 7
9 4
6 1
8 7
2 2
8 6
8 4
6 9
3 4
4 7
1 5
10 7
1 3
1 4
7 5
10 6
4 7
2 8
4 8
7 1
10 5
9 2
6 4
10 9
8 2
10 10
1 5
2 10
10 7
2 5
10 9
8 3
4 8
6 5
6 4
10 8
7 3
8 1
6 8
8 10
2 7
6 3
9 9
7 9
1 5
3 6
2 4
10 8
8 8
10 9
8 10
7 4
4 2
1 9
2 10
1 1
7 9
4 10
3 7
2 4
4 2
7 3
9 7
10 6
7 8
8 9
3 8
4 5
4 8
1 4
6 1
4 8
8 3
5 2
4 1
2 4
7 8
2 1
3 5
10 10
8 1
1 10
8 7
8 2
8 8
2 9
8 10
2 4
5 9
3 7
2 6
19 20 56
18 12 73
14 12 97
19 14 71
17 14 62
19 15 95
14 14 67
10 13 74
16 19 89
13 17 91
12 20 79
19 10 97
18 20 59
17 18 54
19 16 60
12 10 95
18 11 75
10 19 91
14 18 95
10 10 95
10 14 77
13 14 77
14 14 77
11 20 81
12 14 92
16 12 95
10 13 77
17 15 79
10 16 81
15 13 86
12 16 68
14 15 55
20 12 50
19 10 96
10 20 63
17 18 75
19 11 79
13 13 88
19 10 56
19 16 92
20 15 66
20 20 55
15 20 71
10 18 81
11 14 93
11 13 96
17 19 83
17 14 97
13 18 61
11 10 74
11 19 64
11 11 84
14 20 90
20 18 54
16 11 91
19 11 65
10 19 93
12 14 67
12 17 91
14 13 83
10 19 80
20 18 87
17 14 57
11 20 92
19 10 67
13 19 93
18 20 56
13 13 76
16 11 71
15 11 57
10 14 68
10 19 76
14 13 50
12 16 67
16 16 62
16 15 92
20 12 63
13 13 89
17 19 79
18 11 53
17 12 55
20 12 76
18 11 92
12 13 89
14 18 74
17 10 57
14 20 72
20 20 88
12 10 79
17 13 68
17 19 77
12 17 62
11 19 76
17 16 59
12 11 98
11 12 67
13 13 59
18 20 92
15 16 63
14 18 85
12 20 59
10 15 92
19 18 73
14 10 91
18 10 55
18 14 84
17 19 79
12 13 95
13 16 81
14 11 71
16 16 78
16 12 74
20 16 65
15 16 57
18 18 96
15 20 52
15 10 88
11 11 96
14 20 69
11 17 71
19 10 100
17 20 59
11 17 90
13 14 58
17 13 88
11 10 81
20 11 96
10 20 52
17 19 92
17 10 61
12 11 84
16 12 77
17 17 80
10 16 77
14 15 81
20 13 86
15 20 81
17 14 59
18 20 53
16 19 77
11 13 96
14 12 62
13 15 93
12 10 56
16 20 71
13 20 80
19 17 52
11 12 93
15 16 88
12 16 62
14 18 100
18 20 69
10 10 62
10 12 82
13 13 77
16 12 83
19 14 84
18 12 79
10 19 60
10 13 60
19 17 57
13 14 54
13 13 58
19 15 76
14 10 73
15 16 50
19 15 58
17 12 97
14 13 60
14 12 52
19 16 58
15 14 65
20 15 69
11 15 66
15 19 96
16 17 72
13 12 94
17 14 73
16 12 50
20 11 97
14 14 71
12 14 51
11 13 99
13 11 97
10 19 98
17 10 54
13 17 88
12 12 86
14 15 73
12 17 79
19 20 96
17 12 51
11 20 78
15 17 97
20 18 70
13 15 55
10 16 81
15 14 87
12 17 96
11 17 76
15 16 77
10 15 69
19 16 75
11 19 96
11 13 72
16 20 72
18 15 87
13 15 50
19 11 100
13 17 51
12 16 65
13 17 70
15 15 64
10 11 77
13 14 50
13 10 78
17 13 81
12 12 68
17 13 97
13 15 75
13 15 61
19 13 94
15 13 69
15 17 87
19 18 99
14 12 85
14 10 81
18 17 89
11 13 62
20 12 73
20 17 89
20 20 63
18 18 86
10 15 58
18 12 92
11 14 78
16 17 82
13 12 82
11 15 94
17 16 92
10 11 56
13 11 77
16 19 60
19 14 77
20 11 55
17 17 96
19 18 51
13 16 59
16 10 74
14 10 55
11 19 68
12 20 62
12 16 60
20 20 54
19 11 84
15 15 74
11 20 67
13 16 80
19 20 64
15 16 80
15 12 96
11 11 86
14 10 76
20 20 96
17 16 79
12 16 98
17 10 50
19 15 59
11 17 76
13 13 93
15 16 86
17 16 59
19 18 75
18 13 65
19 13 84
16 12 52
12 11 52
15 18 77
17 13 99
16 16 88
14 16 95
20 19 74
17 14 100
17 20 71
11 12 80
11 13 62
15 15 83
12 16 64
13 17 87
20 10 74
20 10 56
18 19 82
10 18 79
20 10 73
11 15 68
17 15 77
14 13 79
10 12 94
10 15 73
15 15 72
13 14 93
12 10 70
20 20 89
14 20 68
19 20 100
14 18 51
20 19 54
11 17 95
18 18 61
10 18 57
12 20 93
11 12 62
10 12 76
12 12 94
10 18 52
12 16 57
16 11 51
10 15 65
10 19 65
12 12 74
13 17 69
10 20 85
11 19 87
15 11 89
20 10 59
16 19 71
16 17 73
14 18 57
12 16 87
16 18 91
11 10 56
18 18 99
16 16 78
16 15 86
19 15 62
16 18 83
13 14 71
18 19 91
20 13 68
10 18 80
10 15 90
11 19 66
16 19 98
10 12 82
12 19 81
17 10 66
19 11 50
19 11 53
10 19 63
19 18 79
17 14 58
19 12 96
15 12 53
16 13 73
13 12 59
14 17 61
14 17 69
12 19 57
16 19 55
11 11 61
11 14 65
13 19 54
16 10 93
18 19 67
11 14 88
19 11 100
14 16 58
12 17 93
16 11 96
14 16 61
16 10 90
13 17 98
11 16 63
10 18 85
20 11 50
12 19 52
11 14 76
14 12 86
12 10 84
10 16 81
12 19 74
14 10 65
17 10 76
20 10 97
11 13 85
19 19 57
13 14 95
13 15 95
16 12 97
16 18 75
13 20 81
18 14 100
18 19 85
14 17 100
19 11 66
13 16 79
10 17 82
17 19 62
18 10 70
12 13 70
19 18 91
17 20 53
20 20 74
14 10 68
16 14 57
12 19 78
19 14 100
15 11 91
20 17 59
16 14 53
14 10 87
20 13 97
13 14 62
13 20 64
17 14 67
11 13 88
14 16 65
10 10 94
16 18 69
18 13 83
10 19 69
20 11 71
17 17 85
13 15 96
15 15 59
20 16 61
13 18 52
17 11 88
14 14 80
13 14 73
18 13 95
19 10 95
11 13 74
20 18 69
16 14 94
20 16 81
10 14 52
17 17 82
18 13 91
14 20 68
20 13 79
16 11 74
10 12 93
16 17 70
20 19 70
19 13 74
14 16 91
13 19 99
16 13 96
16 13 75
14 11 69
13 20 100
16 11 63
20 20 50
20 18 54
17 12 62
16 11 62
18 16 66
14 19 86
10 13 97
10 12 94
13 16 84
19 14 82
10 15 95
20 20 85
20 15 51
18 17 55
11 10 94
18 17 74
20 15 59
12 17 58
10 15 84
18 12 94
15 17 56
19 17 87
13 17 55
14 16 68
16 18 95
10 18 79
18 16 97
18 19 79
15 19 50
18 11 80
13 18 78
20 13 90
11 10 87
11 17 69
17 17 72
14 16 68
10 19 54
11 14 70
10 19 94
16 11 69
13 12 67
17 12 87
15 15 80
20 15 94
10 16 89
13 20 99
17 14 52
20 17 93
20 20 58
11 12 73
16 11 75
14 14 56
18 18 75
20 11 77
18 14 65
10 13 65
17 20 90
12 20 62
16 16 51
20 20 78
14 13 68
14 13 67
14 13 62
15 12 69
16 12 97
18 15 98
16 10 93
17 15 99
19 15 72
11 11 58
19 18 74
14 11 51
18 11 98
20 17 94
19 18 100
16 14 54
20 20 81
11 13 74
17 20 52
19 15 81
18 14 68
19 16 86
17 11 80
16 14 57
19 10 64
14 17 70
14 11 88
17 10 77
20 18 79
16 12 91
20 12 54
13 18 77
19 10 81
18 15 71
14 16 87
10 15 100
14 17 73
14 11 82
11 10 99
20 11 79
11 16 71
18 13 83
17 18 78
14 10 93
13 14 65
11 11 76
20 15 90
13 14 73
12 10 89
20 13 78
19 12 80
20 17 75
19 12 97
10 17 70
17 12 55
11 10 80
12 10 84
13 14 53
14 12 94
14 12 87
18 11 85
18 14 88
16 20 94
15 19 75
20 20 89
18 20 72
16 11 81
15 10 83
13 11 60
19 16 59
17 17 80
12 14 79
11 17 70
15 11 58
18 16 70
20 17 91
20 12 66
20 11 64
14 11 65
11 18 51
14 13 70
14 13 97
15 15 95
18 14 53
11 19 66
19 13 72
13 12 55
18 16 52
14 12 100
18 16 79
20 11 71
10 12 72
17 10 56
10 14 67
11 10 86
12 17 89
17 12 61
19 11 62
20 19 67
14 17 82
15 17 84
13 15 100
13 12 74
13 14 97
12 18 83
20 19 99
18 18 72
12 12 65
17 15 93
15 18 63
13 12 65
12 12 68
16 18 73
14 12 96
14 13 85
18 10 53
13 15 52
19 10 76
18 15 91
17 18 86
16 11 82
10 12 76
11 10 74
14 14 85
16 10 80
11 10 93
18 17 78
11 10 72
16 16 57
18 18 76
13 12 53
10 11 99
14 10 82
14 10 57
10 13 93
13 11 83
19 14 55
17 13 98
19 15 95
12 11 95
10 13 84
19 17 99
18 12 69
13 19 59
15 18 54
17 11 65
16 18 96
14 19 77
15 12 64
14 17 85
17 13 55
20 15 92
13 13 93
17 15 61
17 13 98
15 13 52
13 13 52
15 16 96
15 14 66
17 15 95
11 13 90
17 17 51
10 16 58
15 13 73
14 19 81
20 14 52
15 17 74
18 17 61
17 14 60
12 19 51
20 13 94
11 17 100
15 17 91
10 12 95
13 11 76
17 12 51
11 17 72
15 11 75
14 15 70
20 11 63
11 16 96
18 19 50
16 12 81
20 15 77
11 12 99
15 16 79
10 12 92
10 15 60
17 18 52
10 13 88
16 17 66
10 19 82
15 13 66
11 11 72
17 10 63
11 14 66
13 11 59
16 16 91
16 15 65
17 19 68
15 14 52
18 11 89
14 20 75
19 17 86
19 13 90
13 12 66
11 20 90
19 16 65
16 11 100
12 18 50
15 16 91
10 11 79
18 13 79
10 16 74
17 10 80
10 15 86
10 12 89
13 16 90
15 13 93
12 20 67
18 14 94
20 18 77
18 14 81
20 14 62
15 17 70
10 11 99
17 16 91
10 11 57
17 20 82
20 17 69
16 20 76
14 16 62
12 17 66
12 18 50
11 12 81
12 12 67
15 18 68
20 10 54
12 18 77
11 10 75
11 19 98
15 10 92
19 19 59
13 19 81
12 17 99
12 20 98
15 12 99
16 18 93
14 17 63
18 10 94
14 12 79
14 20 83
18 16 80
18 11 95
14 15 91
13 10 73
16 12 64
19 16 67
17 12 88
19 20 57
13 13 79
13 15 54
17 18 54
17 20 61
12 16 95
18 18 58
18 11 98
10 10 79
20 10 55
17 13 96
10 15 58
12 15 74
20 13 61
19 19 61
19 14 56
12 18 89
10 16 91
11 14 90
19 16 92
13 15 82
16 10 87
20 20 75
13 17 65
13 19 62
20 12 68
10 11 92
15 12 71
10 16 51
18 12 81
16 16 77
13 10 99
10 13 86
13 15 98
12 17 51
10 14 73
17 14 71
12 12 89
17 11 97
13 12 90
11 18 92
13 11 82
11 20 62
14 12 77
17 12 62
13 18 76
18 20 61
20 20 87
10 19 83
19 19 80
19 19 67
16 18 98
17 10 81
17 12 83
18 12 71
10 17 99
10 11 97
10 17 65
15 19 51
13 16 84
14 10 81
16 19 89
14 20 72
11 15 62
16 10 50
16 19 64
16 14 96
12 11 83
15 11 54
16 10 97
18 11 82
14 10 81
20 17 69
20 12 60
15 20 67
10 16 62
15 17 65
11 12 77
