900 900
6 1
7 3
2 9
3 7
8 3
7 5
7 1
10 3
8 7
6 5
7 5
2 10
1 3
6 6
5 6
5 9
6 3
9 7
7 6
3 7
4 5
2 2
2 2
7 10
9 4
4 2
9 10
8 7
10 7
4 2
8 3
8 4
4 7
9 4
3 2
8 4
5 7
5 3
5 2
6 1
5 8
7 1
4 2
1 7
10 3
10 8
4 7
1 9
10 8
7 6
3 3
10 7
10 4
6 3
7 1
3 8
10 3
9 10
4 4
1 3
2 5
10 10
3 6
2 6
2 5
8 6
10 3
5 3
6 4
7 5
3 7
6 4
3 1
6 1
9 1
4 8
2 6
4 5
10 1
9 10
6 6
2 3
7 5
7 4
7 2
2 4
4 2
9 7
9 4
9 9
3 8
4 6
2 1
7 3
7 7
7 9
3 2
6 9
6 10
3 7
4 5
7 6
8 2
8 5
2 3
8 9
9 10
4 8
1 7
3 9
4 2
5 7
3 6
10 5
9 5
9 4
8 7
5 6
7 1
3 4
8 9
9 1
6 10
5 3
4 2
7 6
2 5
3 2
10 1
5 7
1 2
3 9
5 4
10 4
8 9
5 10
4 5
4 1
8 10
9 8
2 6
8 2
7 4
2 7
3 6
10 9
5 10
3 6
3 10
5 5
5 5
2 4
6 9
7 5
2 8
9 3
4 5
1 2
9 10
8 4
4 1
8 6
9 2
4 3
8 1
8 4
6 1
9 7
6 2
6 10
2 6
8 3
10 3
1 5
2 4
5 8
8 2
4 10
8 6
1 9
7 6
4 5
8 6
10 8
5 5
9 2
3 9
5 7
1 7
8 10
3 1
4 2
8 3
10 9
2 3
4 9
7 3
3 9
9 10
10 4
6 4
5 7
8 7
6 6
7 1
7 10
5 7
7 2
1 4
1 8
5 1
4 4
7 4
8 6
5 9
10 2
9 9
9 9
3 3
9 3
4 5
4 10
3 1
1 7
9 4
9 9
10 1
4 7
7 4
10 6
5 6
10 4
6 4
1 7
4 1
5 10
2 10
5 8
6 7
10 2
1 1
2 7
3 4
10 1
1 4
1 4
7 8
7 10
5 3
4 6
7 10
10 7
5 7
5 9
6 7
6 1
8 4
5 9
3 8
2 6
2 6
7 10
9 9
2 5
8 8
1 9
2 7
6 2
3 8
4 6
4 10
4 5
7 8
6 7
10 5
5 9
5 6
9 9
5 4
10 7
9 6
10 4
4 8
2 1
6 7
2 10
2 7
9 5
4 9
4 7
9 1
5 9
7 1
6 1
7 1
4 4
9 7
7 10
4 3
6 4
9 5
9 1
4 2
7 1
3 1
2 10
5 9
6 9
7 5
10 2
5 3
4 1
1 9
1 7
3 10
8 7
7 10
5 10
10 1
5 9
7 5
1 5
2 7
2 5
7 9
1 3
4 10
5 4
5 7
3 3
10 8
2 3
1 3
2 5
9 4
3 5
3 7
8 1
4 10
9 2
4 6
9 1
1 10
8 7
4 2
4 6
5 4
5 1
3 10
10 3
5 2
10 7
3 9
10 4
3 4
3 4
8 5
7 5
1 6
4 3
1 3
9 10
5 6
3 7
2 7
3 7
4 9
3 1
1 4
6 8
5 10
2 10
3 6
3 7
3 7
4 10
4 3
2 3
2 8
5 10
9 7
6 4
8 1
5 2
6 1
3 10
1 3
9 3
3 10
7 6
1 2
2 8
10 10
10 7
2 4
4 6
1 10
10 6
8 9
10 9
1 2
2 2
6 2
3 1
5 5
10 4
6 8
4 10
5 4
9 3
8 4
6 6
2 7
1 4
4 6
5 10
6 8
7 5
8 4
2 9
3 2
5 9
9 8
6 3
10 9
9 9
6 7
2 9
10 6
6 6
1 5
10 5
8 1
9 4
6 6
9 2
1 3
4 7
9 8
2 1
3 5
4 10
9 4
6 5
5 4
8 9
10 6
4 3
5 2
10 9
5 5
3 2
6 1
3 6
6 9
4 9
5 6
3 5
1 1
1 10
10 6
1 9
7 5
3 10
1 2
4 1
5 1
9 2
8 1
5 4
8 6
8 2
7 9
3 7
4 5
1 8
3 9
5 6
10 9
1 9
2 1
4 6
2 3
2 4
6 10
6 1
3 6
9 8
3 5
3 9
4 1
10 4
6 10
2 7
8 9
7 9
6 2
8 1
10 4
4 7
2 2
8 1
8 7
4 9
6 10
3 8
2 3
7 9
3 9
6 10
8 3
10 6
5 8
4 3
2 1
5 10
9 3
9 1
6 9
8 4
5 5
4 3
1 10
8 3
4 6
6 2
1 5
6 2
9 8
2 6
8 9
8 5
1 2
2 1
1 9
5 1
3 4
3 8
5 4
5 9
3 1
10 2
4 3
7 1
1 5
8 5
2 2
5 3
5 9
1 2
3 4
7 10
2 1
4 7
4 4
8 4
6 10
2 4
9 5
8 4
2 3
3 6
1 9
1 7
2 5
1 2
1 8
4 7
7 1
10 8
10 2
3 10
10 10
6 8
8 6
8 7
6 4
5 1
5 9
5 6
8 7
8 9
5 9
1 7
6 6
2 4
10 9
1 8
4 1
3 10
4 6
2 4
1 3
5 8
7 9
2 10
8 7
8 3
5 5
1 4
4 8
4 4
6 6
6 10
8 1
10 10
2 9
1 1
6 7
1 6
3 5
7 8
7 7
10 4
5 9
5 5
7 7
3 5
10 8
3 6
9 1
7 1
4 6
8 2
8 5
1 5
2 10
6 2
6 7
10 3
2 1
2 9
2 2
8 9
10 6
4 5
5 10
7 6
9 4
10 4
1 5
3 9
3 10
7 3
2 9
5 10
2 9
9 1
9 6
6 1
1 7
7 9
3 1
7 8
4 1
3 9
6 3
2 6
2 5
2 10
7 3
10 8
5 7
7 6
6 7
1 7
3 8
1 10
10 8
5 7
7 5
10 10
2 8
3 8
5 5
4 7
4 9
9 10
7 10
5 8
4 3
9 4
10 8
6 9
7 10
10 1
4 8
4 6
3 2
1 10
10 4
2 5
2 2
5 9
8 1
2 1
2 2
7 3
3 6
4 3
5 8
10 8
10 7
9 7
9 2
8 9
5 1
1 6
5 7
8 10
5 6
2 2
2 2
3 10
1 3
2 3
9 1
1 7
10 4
1 1
1 10
1 4
10 2
6 3
1 8
9 3
7 6
5 3
2 9
2 5
8 4
6 6
2 7
7 4
2 9
10 5
8 8
10 10
5 5
5 1
6 8
6 3
7 1
10 9
1 4
5 9
7 7
5 4
2 1
1 1
8 9
6 1
10 2
1 1
9 6
4 1
5 8
8 5
8 8
1 3
7 6
2 4
1 7
7 3
7 7
2 2
6 8
8 6
2 8
8 1
8 1
1 5
7 6
3 9
8 1
9 2
2 1
9 6
4 10
7 9
7 9
1 1
10 1
5 1
7 2
6 8
3 2
7 9
4 3
4 1
4 8
7 3
5 1
3 1
8 3
3 9
5 1
2 6
1 6
10 4
2 3
7 10
2 5
2 8
4 3
10 9
3 4
9 5
3 2
8 2
3 6
6 8
9 5
3 6
8 9
9 10
4 10
4 1
7 5
10 8
8 4
4 9
8 10
1 2
3 3
10 5
10 4
1 5
9 1
3 7
1 9
2 10
8 4
1 1
9 1
4 2
8 2
6 5
4 2
10 9
1 9
2 10
9 2
10 6
8 1
5 2
4 9
5 4
10 8
1 9
10 10
4 3
6 5
2 1
2 7
1 8
5 7
1 2
8 7
9 8
8 4
1 5
4 5
2 3
10 5
2 2
1 8
9 5
10 5
6 9
9 9
9 1
9 6
1 8
5 2
7 6
4 9
2 2
2 9
10 4
5 8
6 2
4 1
2 9
5 8
5 10
2 3
6 3
1 10
4 10
4 2
8 3
4 10
2 7
8 7
3 4
7 5
9 2
1 4
9 2
10 20 100
15 20 94
11 20 85
16 14 100
19 19 87
15 15 98
10 17 55
12 11 92
14 18 82
15 17 56
10 10 84
19 17 67
10 14 89
14 18 71
19 20 58
11 13 88
19 10 57
15 11 93
20 15 99
10 11 91
18 20 80
12 17 88
17 13 81
15 18 67
13 13 99
13 12 68
17 13 52
13 20 84
13 11 99
19 20 55
19 15 97
13 14 77
18 20 88
19 15 76
15 12 96
15 10 93
18 10 77
20 13 73
13 14 66
10 13 82
11 11 99
13 15 69
12 13 86
19 15 68
16 14 59
14 10 53
14 19 70
13 18 70
20 17 76
20 17 79
14 13 73
17 15 57
16 14 72
19 17 58
10 12 66
11 18 57
10 10 58
13 16 64
16 20 58
17 19 56
11 14 69
11 13 75
20 19 63
12 14 81
15 17 87
20 19 71
11 18 79
16 12 81
20 19 62
19 16 59
15 11 52
19 20 67
12 19 90
15 10 60
13 12 83
10 11 78
15 17 76
18 10 74
14 19 69
11 16 93
12 12 68
13 20 72
10 14 75
12 13 77
11 17 95
17 13 69
17 11 87
20 18 81
11 18 52
19 17 90
10 17 93
12 14 61
11 20 93
18 11 72
13 18 98
20 13 91
11 19 62
14 13 74
15 17 62
17 18 68
18 14 100
16 10 67
19 15 51
12 19 63
10 17 73
13 15 60
19 20 89
10 19 62
13 13 83
19 16 67
19 18 68
19 15 92
12 14 51
11 11 71
12 20 67
13 18 54
13 12 57
17 20 76
14 18 79
19 18 92
19 19 63
16 17 99
16 18 87
20 13 80
16 13 90
19 20 62
17 20 51
19 17 57
20 14 73
13 11 75
19 15 89
11 13 99
19 15 68
12 20 100
18 16 60
13 18 51
19 18 51
20 10 85
13 14 78
11 12 73
18 14 55
15 11 60
13 10 66
13 17 86
12 13 62
12 16 100
13 14 87
17 15 97
16 15 100
14 19 51
12 14 69
19 19 85
17 13 100
16 13 70
12 11 83
13 14 96
10 18 66
18 10 98
15 18 70
13 20 59
14 10 57
12 20 92
12 15 84
17 16 84
13 15 64
15 10 79
14 13 56
20 13 55
18 13 85
12 11 75
10 12 80
13 20 77
15 13 76
11 18 76
20 15 74
15 19 99
16 13 85
11 16 86
20 14 60
17 17 68
15 15 87
15 17 67
12 13 80
16 15 59
17 12 61
11 12 76
13 19 52
14 15 70
16 10 70
13 14 96
17 13 54
10 13 88
16 14 56
12 13 85
19 13 80
15 17 88
13 20 94
14 19 55
15 18 91
11 18 74
10 14 51
14 14 56
17 10 67
20 20 92
20 16 88
12 18 98
13 13 59
11 18 66
12 18 50
18 15 86
18 14 94
14 20 59
16 10 99
12 17 78
11 14 72
20 17 93
12 16 62
11 15 100
11 15 87
19 15 64
13 20 77
14 19 53
10 17 74
20 11 86
12 18 65
13 16 69
16 16 63
16 13 61
18 14 78
18 14 79
11 10 88
18 10 67
20 15 77
15 20 53
11 10 88
14 20 56
10 16 60
14 10 75
15 12 74
16 14 95
14 15 65
19 20 79
19 11 94
18 10 87
10 11 99
14 13 81
20 18 65
12 19 75
12 19 99
12 11 72
15 20 85
11 12 60
20 11 84
17 14 99
18 17 66
17 16 73
10 16 92
16 13 95
15 19 94
15 16 63
17 16 57
10 14 66
14 15 93
13 11 66
10 10 77
12 16 62
13 12 73
18 14 90
20 14 97
19 11 64
15 13 52
17 11 58
14 20 61
10 16 87
10 14 64
11 14 79
18 18 56
20 11 52
16 18 97
16 15 69
20 17 77
18 20 68
18 16 82
15 11 73
13 19 50
17 11 86
16 19 55
19 19 67
10 20 86
12 12 87
15 16 57
19 20 60
18 12 82
20 20 72
16 20 81
20 16 72
15 18 73
14 17 97
10 16 64
13 15 90
19 13 82
14 12 76
16 12 73
17 16 50
16 16 59
10 19 79
11 14 93
12 20 67
14 17 92
19 18 59
16 15 92
15 10 52
11 18 69
12 20 92
11 18 78
17 18 63
10 15 56
18 16 82
14 10 81
16 20 63
13 13 61
10 19 74
13 11 92
18 20 55
12 18 69
14 20 63
16 15 58
20 20 90
12 19 81
15 14 69
13 10 52
16 17 87
14 14 56
12 20 64
14 16 92
16 20 80
16 18 94
20 10 78
16 13 83
16 19 53
19 15 92
11 18 57
11 14 87
15 17 69
19 12 70
12 17 67
16 18 89
20 19 87
18 18 75
11 10 59
15 16 55
12 10 99
16 20 84
14 14 92
20 11 67
18 18 69
12 16 93
12 20 62
15 10 64
14 12 67
13 20 57
17 14 77
15 19 77
13 10 58
17 19 62
16 17 80
10 18 81
20 10 54
18 11 84
18 16 78
15 12 98
14 14 98
15 10 84
17 16 50
19 10 59
13 15 79
12 10 72
18 13 52
11 12 65
11 15 65
16 10 81
15 19 50
17 14 56
18 20 61
11 19 84
10 11 79
16 18 95
12 15 60
11 14 58
14 17 51
19 14 75
17 13 81
10 18 60
10 19 60
12 10 91
18 14 66
18 19 60
20 15 78
11 17 62
19 16 93
15 10 98
12 20 53
13 11 73
20 20 60
11 11 88
20 16 71
16 19 92
20 19 60
11 15 95
13 10 97
15 20 52
19 15 53
14 13 88
11 17 91
17 10 58
11 13 58
16 18 84
11 20 86
15 15 74
20 18 91
13 10 80
10 11 51
12 19 97
18 16 62
15 14 55
13 10 83
18 16 89
11 14 97
17 18 62
16 18 88
19 17 54
20 18 96
17 14 80
10 10 72
14 12 62
10 19 66
13 20 85
14 12 67
11 16 58
20 17 81
19 13 87
13 18 69
11 14 72
13 19 87
18 14 69
16 14 59
11 17 86
18 13 75
12 19 76
20 10 65
11 17 58
15 10 59
19 17 88
13 17 90
12 11 98
14 20 63
18 13 92
17 15 54
16 19 93
13 17 81
14 20 97
19 12 54
14 11 91
11 20 99
17 11 66
19 16 87
11 17 100
12 11 100
17 12 94
20 20 58
10 20 71
11 16 85
20 16 78
15 13 65
17 11 83
12 17 82
13 19 51
20 17 77
18 16 78
10 15 66
12 16 64
16 17 66
16 16 94
18 12 95
13 10 62
14 17 72
16 20 60
15 14 71
11 15 94
20 10 50
19 11 67
12 20 78
18 10 58
20 18 67
18 20 70
17 10 56
14 13 57
18 13 60
19 16 82
18 11 63
19 18 79
12 10 99
15 20 87
16 11 95
11 15 93
11 16 75
10 20 85
18 15 67
10 15 74
11 10 84
14 10 80
16 10 77
10 19 63
10 19 84
18 15 55
18 12 75
16 12 57
11 18 50
15 17 99
16 10 52
16 10 99
12 15 77
14 15 74
19 18 91
16 15 84
13 10 85
19 14 53
12 10 90
15 16 68
19 12 56
15 11 88
15 10 81
20 10 61
11 15 54
15 18 77
11 16 61
11 12 94
16 18 57
16 19 70
13 12 52
17 13 72
14 13 81
17 11 60
16 15 97
14 11 63
17 12 65
13 10 71
18 11 77
11 16 67
20 18 88
13 19 59
18 10 72
11 10 65
18 19 55
13 14 52
19 11 52
16 12 55
20 12 100
10 13 56
20 19 92
11 19 80
10 19 61
18 17 63
20 20 94
14 17 82
11 19 61
14 15 72
20 15 76
18 13 87
17 18 72
12 18 64
13 19 74
17 15 61
17 19 74
20 20 63
14 13 74
16 13 71
11 17 86
18 19 67
17 17 76
14 15 55
14 18 63
12 18 85
13 17 87
18 11 79
18 10 76
20 10 56
16 13 93
17 13 96
14 14 85
13 13 84
12 18 52
19 11 78
11 14 59
16 15 66
11 13 88
12 16 59
14 15 94
20 19 79
10 20 87
18 14 52
15 20 73
13 18 63
13 15 95
17 12 62
12 15 66
17 18 97
17 11 54
18 18 81
19 10 53
15 15 97
14 11 65
13 15 94
17 11 79
16 16 59
16 13 83
11 12 67
10 16 98
12 12 81
15 19 90
18 17 81
12 13 78
19 19 86
14 11 86
14 12 58
13 16 100
20 12 74
18 18 94
12 13 80
13 13 62
13 15 74
10 11 96
10 16 70
20 20 61
16 14 59
14 17 64
17 12 83
14 18 97
19 17 81
15 15 82
18 14 78
13 11 92
16 11 69
19 20 64
11 12 87
11 11 98
11 14 56
12 13 100
19 11 61
12 17 88
15 12 55
15 20 72
14 13 87
19 14 57
15 16 83
13 10 95
10 17 64
13 15 61
20 20 99
11 20 69
20 11 55
14 16 93
16 19 65
11 14 68
12 15 74
12 15 94
10 16 69
11 18 74
12 15 58
18 20 54
17 17 75
15 20 50
12 18 60
15 20 77
15 10 97
12 18 87
19 14 99
13 20 81
14 14 55
16 10 51
10 12 88
18 11 51
19 20 58
15 15 84
15 18 66
10 16 51
12 14 68
16 15 84
13 16 67
17 17 91
10 17 91
16 12 78
17 19 73
10 17 89
12 14 50
11 17 88
16 14 62
19 18 69
18 20 71
19 10 96
12 20 57
18 20 76
11 19 65
15 17 80
20 17 93
17 15 65
16 19 77
19 13 83
20 20 74
16 19 87
19 16 91
11 17 63
20 18 53
17 17 84
19 16 56
13 15 69
11 18 50
12 11 67
12 16 83
11 11 93
12 20 50
18 15 94
12 16 94
19 14 82
11 14 83
18 19 84
15 20 60
19 16 86
10 12 56
10 15 84
16 14 69
20 15 63
15 19 78
11 12 81
11 11 87
11 15 98
11 18 81
12 15 56
12 14 73
13 14 50
11 14 100
14 14 53
19 10 58
12 17 92
13 20 89
10 19 68
15 12 74
14 12 82
15 16 73
18 20 86
20 12 62
18 14 87
19 18 96
15 14 88
12 18 79
18 13 59
10 17 51
19 18 83
12 17 56
11 12 93
16 14 59
20 19 72
19 16 81
11 14 76
11 14 63
11 12 72
13 19 75
16 19 68
16 17 85
10 17 99
17 13 95
19 13 50
14 14 93
10 17 74
10 16 90
11 10 52
15 18 58
15 19 94
16 20 57
17 11 63
18 17 57
10 10 94
20 14 87
18 20 63
16 15 92
13 10 98
18 17 50
12 11 82
16 19 77
20 20 99
11 20 59
12 10 92
10 18 81
19 19 57
18 20 90
11 16 64
13 16 54
14 20 95
13 16 60
13 12 58
11 17 95
11 20 81
10 20 66
11 18 50
15 20 86
10 11 76
12 12 85
11 18 87
16 12 59
18 12 91
12 19 74
17 19 98
12 10 76
10 10 51
11 12 61
17 14 86
11 19 69
17 19 55
16 18 67
20 20 78
14 16 55
12 19 85
14 16 61
13 10 98
20 13 63
13 12 95
18 13 54
13 17 64
17 12 84
16 10 99
15 18 63
14 15 69
14 20 61
19 17 77
17 18 52
11 13 73
11 16 67
20 17 99
19 17 65
16 14 62
11 17 95
20 16 84
17 11 92
13 13 78
13 16 88
18 11 99
17 11 60
17 14 62
13 18 67
20 13 60
16 18 84
10 18 97
17 14 100
14 14 99
12 14 53
17 15 82
13 18 56
16 17 59
11 15 54
10 16 83
19 19 67
12 20 87
16 14 67
18 13 76
15 16 52
14 15 70
17 14 78
17 20 70
13 20 99
19 10 56
20 13 84
12 14 85
19 15 98
17 16 53
11 15 84
16 18 97
18 16 88
14 18 55
15 20 65
20 15 76
12 13 79
17 11 94
13 15 58
13 14 84
10 12 91
12 11 89
16 17 52
15 12 85
18 17 61
15 20 81
18 10 100
18 13 100
18 20 58
20 10 96
17 19 74
16 17 83
20 13 81
18 12 95
14 16 80
14 11 76
