950 950
5 4
10 5
3 4
4 9
9 1
3 6
5 2
1 6
2 5
7 10
1 1
1 1
4 7
2 8
7 7
6 3
4 7
4 7
3 1
6 2
9 6
3 7
9 10
1 1
3 5
1 2
4 5
1 4
1 3
3 9
4 3
8 9
7 8
2 10
9 7
6 4
1 9
6 5
10 7
8 6
4 8
4 8
7 8
3 10
4 9
5 6
1 4
4 9
1 4
8 10
4 9
7 3
3 7
5 2
8 3
6 10
10 7
7 5
7 8
5 7
4 5
9 10
1 9
4 7
3 2
6 1
9 6
10 6
5 8
5 7
7 8
9 9
10 1
8 5
4 7
2 2
9 3
7 5
10 5
1 8
10 10
9 9
6 3
3 3
6 10
7 9
9 9
10 10
5 6
10 5
9 6
8 8
6 6
3 8
8 5
8 7
8 9
8 1
5 2
8 1
4 8
4 5
8 5
8 5
7 9
9 2
7 6
3 3
6 3
3 10
6 7
9 9
1 9
9 5
10 9
5 10
4 7
3 1
6 10
1 10
5 9
3 6
3 9
10 7
5 1
2 3
5 5
9 6
4 3
8 4
6 7
5 1
7 2
3 3
6 9
5 7
5 4
2 6
8 2
3 3
4 2
3 10
1 4
3 1
1 7
2 5
7 10
10 8
8 3
3 8
4 9
2 3
10 5
2 8
7 4
10 10
6 2
7 8
4 5
7 3
1 4
10 4
1 1
3 5
8 8
8 7
7 1
7 2
3 7
9 8
8 5
8 3
4 5
9 1
6 3
4 4
9 2
10 9
4 6
4 4
7 2
4 8
10 6
1 1
3 10
2 3
7 1
4 8
10 4
3 9
6 8
8 2
7 3
6 8
7 1
3 5
8 4
8 4
8 9
4 6
6 5
10 1
4 3
1 7
9 2
8 3
1 8
1 5
3 4
1 7
5 2
5 1
2 10
5 1
3 5
8 7
1 10
1 6
9 4
9 6
7 6
8 3
1 1
8 6
9 6
10 9
2 6
6 8
4 3
2 4
1 6
5 2
9 5
3 8
3 3
2 1
7 6
1 3
1 1
5 2
5 2
6 9
1 10
10 2
5 1
4 7
10 4
2 1
9 1
7 7
1 5
9 7
5 4
6 8
8 6
3 7
7 3
5 9
7 1
5 8
8 8
6 10
8 4
3 10
4 2
5 3
1 10
6 8
2 2
7 7
5 7
1 6
7 2
7 8
7 2
7 1
8 3
3 1
2 2
5 2
8 6
1 9
10 9
9 2
5 1
9 10
4 3
7 7
2 1
3 1
9 5
1 9
9 6
2 6
4 5
8 1
8 1
1 9
4 9
4 10
2 6
4 2
6 5
3 9
10 8
9 7
5 8
10 4
5 9
1 9
4 6
1 7
1 6
6 7
5 10
5 5
1 10
1 7
6 10
4 9
2 9
7 5
2 1
7 6
3 1
7 3
2 5
10 7
10 9
4 1
10 3
9 5
8 7
8 8
1 6
10 6
7 9
3 5
3 2
5 10
7 9
10 2
7 6
2 5
2 2
10 8
5 8
1 9
6 5
8 3
8 9
4 3
4 1
1 3
1 2
8 2
5 3
1 7
1 6
1 1
4 2
8 1
5 3
3 4
1 7
5 5
7 6
1 10
8 7
9 5
9 1
6 10
10 4
6 8
5 4
10 9
7 7
5 3
9 4
5 10
3 2
10 9
5 4
2 10
3 8
2 3
3 7
7 8
4 5
10 5
8 2
7 6
3 4
4 7
2 4
6 6
5 10
8 4
3 4
6 7
2 9
4 7
8 7
8 7
6 7
6 1
2 2
6 3
7 2
6 3
5 1
3 8
2 1
7 5
2 10
7 7
6 1
7 4
6 4
10 10
2 1
6 5
2 1
7 1
4 10
8 7
3 6
3 1
10 4
3 10
1 10
10 2
10 8
1 9
1 9
6 8
5 1
10 8
8 8
5 9
6 6
2 10
9 5
10 1
10 4
10 4
9 3
7 3
3 9
7 2
7 9
8 5
3 10
7 3
3 4
8 3
9 1
4 4
5 10
2 1
7 8
2 8
9 6
3 5
3 10
6 10
5 10
5 5
6 10
10 6
5 9
8 3
7 6
2 9
5 5
3 6
5 6
10 1
3 10
3 10
10 7
7 5
2 4
1 1
8 8
5 1
1 1
7 10
3 8
3 3
1 4
8 7
3 10
6 6
1 4
8 5
4 3
3 9
3 4
4 6
7 6
2 1
10 1
8 10
8 5
7 2
6 7
3 2
1 2
9 3
6 1
2 1
6 6
6 1
5 1
3 9
1 10
1 3
8 4
6 6
10 9
8 5
10 6
8 10
8 3
3 9
5 5
6 2
10 8
8 6
5 2
2 4
10 10
1 2
6 2
7 7
7 8
3 8
9 10
4 3
9 5
4 1
4 3
8 5
3 2
1 4
2 10
9 10
8 7
3 3
7 3
8 6
5 2
2 9
1 3
8 4
6 4
1 7
4 5
3 10
6 8
9 6
5 10
7 1
9 3
1 8
1 10
2 9
2 5
2 6
8 5
8 9
7 7
10 5
9 1
7 8
7 1
2 3
3 4
1 4
6 6
8 10
3 9
10 8
3 1
1 4
1 7
2 6
3 6
9 7
6 7
4 9
4 1
3 6
3 1
5 9
7 10
9 7
9 2
4 10
10 10
8 5
10 5
8 3
7 9
7 9
9 6
5 7
4 7
8 3
7 6
9 6
8 1
2 4
5 3
3 8
1 10
4 8
1 6
7 10
1 8
10 10
1 10
7 3
6 10
6 5
3 8
10 10
2 10
5 6
9 2
8 7
1 3
2 2
6 9
5 8
3 7
6 2
10 4
8 4
5 1
1 6
8 5
6 4
9 6
2 2
8 8
1 1
7 5
9 6
3 6
9 7
4 3
2 3
3 9
6 5
3 1
8 9
8 3
8 4
10 10
9 4
1 4
8 1
7 2
7 8
2 7
6 2
10 10
4 4
5 7
4 6
4 5
3 2
2 3
2 9
5 8
6 7
1 4
4 2
3 1
6 6
8 4
7 1
10 9
6 7
1 8
4 10
8 9
10 10
10 3
3 8
3 3
6 8
10 6
9 6
7 1
2 3
3 2
7 9
2 5
10 3
4 3
1 6
4 3
8 4
3 9
1 1
1 6
9 2
4 3
5 5
10 2
2 1
9 2
9 9
4 7
5 6
1 10
6 3
3 3
2 4
2 3
8 2
6 4
6 4
10 8
1 8
5 2
3 1
6 6
7 1
6 2
7 7
3 9
3 3
5 9
8 6
10 1
9 1
3 4
7 8
3 5
3 10
1 4
1 7
3 4
9 8
5 1
6 4
8 8
5 7
10 10
1 10
1 5
9 8
7 3
7 8
7 2
3 4
2 2
3 7
10 5
8 8
10 2
9 1
10 10
7 3
2 4
10 1
5 5
4 1
7 4
6 2
9 10
6 6
7 2
2 8
3 6
10 2
9 6
1 2
3 3
1 9
6 2
2 6
7 8
1 4
10 10
4 5
1 4
9 2
2 1
3 2
7 2
9 3
7 8
1 4
5 10
1 8
8 7
5 2
7 6
7 6
8 1
10 6
7 3
2 7
8 2
1 10
9 7
10 9
8 6
7 6
5 4
5 2
6 3
3 7
2 1
3 3
7 6
8 2
7 2
3 1
5 5
7 9
7 2
9 10
10 6
2 10
7 5
6 10
8 6
6 2
10 6
3 8
6 6
1 9
4 3
2 8
10 4
3 7
4 8
4 3
2 9
7 5
1 10
10 5
4 1
10 6
7 4
7 1
5 1
1 6
5 6
10 9
4 5
10 8
7 5
8 4
5 2
5 6
8 10
6 2
4 10
10 8
5 9
2 10
1 3
9 5
10 9
4 1
5 10
4 2
3 4
4 8
3 9
1 5
9 6
10 3
3 5
1 5
10 6
3 3
10 4
4 6
1 2
4 10
1 4
6 10
7 3
10 1
3 7
9 1
6 4
9 8
1 9
5 9
9 10
10 9
8 4
1 9
5 3
2 9
10 8
10 2
5 8
6 5
7 3
5 7
8 7
5 4
1 5
4 9
1 3
5 5
3 6
9 9
8 10
3 5
10 5
7 8
6 2
5 1
1 5
9 6
6 3
2 7
5 4
3 9
7 6
3 6
4 5
9 6
2 5
8 4
7 5
10 7
6 9
3 5
3 7
3 5
9 4
7 9
9 3
4 5
4 8
6 8
10 5
8 5
20 12 72
15 12 63
19 10 50
14 12 81
10 19 69
15 12 98
16 15 97
17 18 77
15 18 92
15 17 62
20 14 82
15 10 99
13 15 65
15 15 87
12 20 90
17 14 54
11 17 95
15 19 91
13 18 84
14 17 95
18 19 86
13 20 52
10 17 67
17 20 94
11 18 94
12 17 50
16 11 82
13 18 95
19 12 76
10 15 52
17 11 74
14 18 91
20 14 95
14 13 80
19 15 75
10 15 94
10 20 71
20 19 72
16 13 78
15 13 87
15 11 80
17 17 51
17 19 75
12 12 65
13 15 68
17 10 60
20 15 59
10 19 67
12 12 70
13 16 73
14 16 78
10 10 81
11 12 69
18 15 71
10 14 89
17 20 96
14 16 62
10 12 89
14 10 68
10 13 68
18 12 67
17 10 98
15 15 55
20 19 67
15 16 79
16 17 72
18 20 50
12 17 93
17 20 52
11 19 57
16 16 81
13 11 93
18 12 96
17 20 80
18 14 91
13 15 64
15 13 90
14 18 60
13 12 90
10 14 57
13 11 96
19 13 75
12 11 91
20 17 63
13 18 71
14 20 55
16 19 60
15 12 92
10 11 82
10 20 58
19 16 82
12 20 82
19 13 70
13 17 79
20 20 61
14 14 67
19 15 58
15 13 87
20 20 51
17 17 89
11 16 85
10 17 92
11 15 65
10 17 88
10 10 75
14 18 73
11 13 91
14 12 98
19 14 61
15 19 62
12 13 56
16 15 87
15 15 63
11 20 54
11 20 75
11 14 64
14 13 99
13 13 100
17 20 66
15 16 76
19 10 53
18 20 95
13 11 92
16 13 59
12 10 67
19 10 88
11 17 53
17 13 55
10 15 72
19 17 50
12 10 53
15 10 61
18 15 95
11 18 69
12 17 53
11 16 61
12 11 81
12 18 94
13 15 57
17 11 98
13 11 82
15 16 69
13 11 96
12 16 90
15 12 54
10 10 66
15 10 51
10 18 75
20 12 79
10 10 77
19 17 64
20 12 57
20 16 74
13 17 98
18 17 79
14 15 63
18 20 83
13 19 51
16 12 83
18 15 83
11 18 62
17 13 71
20 14 98
10 12 57
13 11 74
13 15 90
18 19 60
13 14 100
18 19 89
16 16 65
17 14 52
20 17 72
13 10 85
13 10 76
16 19 92
13 13 78
11 12 77
16 12 57
20 17 67
15 11 92
13 10 52
10 13 57
17 14 91
10 12 74
11 14 92
20 11 97
18 17 64
17 10 62
11 20 79
15 11 72
19 20 73
11 20 91
14 11 50
20 10 60
16 11 59
13 19 89
20 14 61
18 13 74
12 10 51
19 19 84
14 16 61
19 13 52
12 18 82
10 19 82
12 18 54
14 11 94
14 19 89
17 15 84
10 10 55
11 18 78
16 11 87
10 17 85
18 16 60
14 14 86
12 12 98
16 11 58
17 14 64
16 12 96
16 14 64
16 13 99
10 20 100
17 15 82
12 15 56
17 14 75
16 19 80
12 19 97
10 11 97
19 20 91
16 13 73
12 18 56
11 18 59
17 17 83
12 14 61
16 13 75
16 14 72
18 18 89
10 12 64
20 11 72
20 17 87
15 10 74
11 12 99
13 12 96
14 20 53
18 15 91
15 10 96
16 14 72
20 16 73
11 17 70
16 11 70
17 13 63
12 12 83
18 14 93
10 12 89
14 18 89
20 16 54
13 12 56
16 15 51
14 14 73
19 11 53
16 11 95
17 16 81
12 20 66
13 15 95
20 16 55
15 18 85
16 11 89
15 12 100
10 20 84
15 12 74
11 15 57
16 11 73
19 12 55
16 11 75
10 10 83
14 20 98
10 16 61
18 11 78
20 10 59
20 15 89
15 17 86
20 18 61
16 10 81
18 10 69
19 10 79
14 17 65
14 11 58
18 15 97
18 20 72
16 15 62
11 10 88
19 11 89
19 16 95
16 13 84
20 15 99
10 19 92
20 16 74
12 10 80
18 20 71
20 18 92
11 10 65
10 14 68
15 16 75
17 10 88
12 20 51
12 20 54
14 20 58
12 16 57
11 19 51
20 15 90
11 18 52
13 17 84
18 17 70
14 16 53
17 11 74
15 16 88
13 18 92
20 10 94
15 13 73
19 16 51
16 19 58
16 20 83
14 10 94
10 17 54
14 14 97
14 16 93
16 14 63
11 20 94
16 17 76
10 17 73
20 17 76
13 19 99
12 16 87
14 17 88
14 19 85
10 17 50
12 12 72
11 12 60
18 14 61
12 13 98
17 18 75
20 18 68
13 17 91
10 11 55
13 19 97
19 13 51
18 16 81
13 14 68
12 12 93
20 20 95
17 13 51
16 17 62
15 16 69
19 13 72
15 16 81
16 19 82
10 13 51
13 14 99
17 20 79
17 16 100
20 15 83
20 12 69
20 13 67
12 15 81
11 10 92
17 18 72
15 20 77
18 13 94
15 19 75
11 20 50
11 19 67
14 14 82
16 15 96
16 15 98
20 19 95
10 13 81
11 20 57
10 16 99
12 20 100
14 19 80
13 10 70
10 14 63
17 14 59
15 19 82
12 18 94
11 13 64
12 14 97
19 17 98
13 14 65
18 10 85
20 20 92
19 12 74
16 13 72
16 19 75
11 17 54
15 20 58
15 10 77
20 13 76
13 10 93
18 10 53
15 15 57
18 16 70
15 15 92
20 20 59
14 11 87
16 10 96
14 18 94
20 20 96
19 18 77
18 13 67
14 11 55
17 11 88
11 12 53
15 17 55
12 12 93
20 19 81
18 18 97
14 17 100
11 16 65
10 15 67
15 10 72
11 10 55
11 14 53
11 12 62
13 11 82
12 12 68
14 17 58
13 12 79
17 10 96
13 10 58
13 16 91
16 17 86
13 17 80
15 10 51
14 14 76
18 14 96
17 19 86
12 11 54
12 15 95
20 12 65
14 13 54
12 14 64
12 11 52
16 15 73
13 14 54
20 10 54
14 18 83
11 20 66
14 12 63
20 11 94
10 19 78
10 11 59
17 14 86
11 16 84
17 18 50
16 17 75
14 15 78
13 17 60
11 18 77
15 19 66
10 16 82
12 10 84
20 14 97
18 15 80
17 15 53
14 19 78
10 16 80
10 10 54
17 12 73
20 16 62
15 19 98
13 15 64
12 14 84
15 12 82
15 12 68
14 11 65
10 16 70
17 12 59
11 10 99
19 20 54
15 12 68
15 16 52
17 17 98
16 11 97
14 14 50
13 16 87
13 14 77
14 15 82
10 17 76
11 14 78
17 19 100
14 15 72
15 19 99
15 16 61
20 10 99
10 13 68
17 16 67
19 16 94
19 16 51
13 18 72
16 19 56
11 11 71
15 16 86
15 20 66
10 16 94
19 15 50
13 11 98
15 15 89
11 11 59
15 14 57
19 15 79
14 13 82
11 11 60
14 14 52
15 16 96
15 12 79
20 11 60
18 14 58
18 15 99
16 20 100
10 15 82
16 18 85
10 13 76
19 18 99
20 13 70
10 14 90
15 11 96
18 11 59
14 13 89
15 16 98
10 14 85
18 18 63
14 10 83
20 18 74
16 17 91
20 20 76
10 20 87
17 14 84
16 15 56
11 14 56
19 20 85
19 20 100
16 12 86
20 12 64
12 14 98
16 12 78
10 17 64
17 20 72
18 17 83
17 17 98
14 20 98
14 16 96
20 13 59
14 18 51
11 20 59
16 18 63
20 17 80
18 18 73
10 16 62
16 16 99
16 15 50
10 10 74
11 16 55
10 18 71
18 10 83
13 20 85
13 12 55
19 12 96
15 15 66
11 13 80
17 19 79
19 18 90
17 11 90
20 18 81
13 18 69
19 18 72
13 17 74
19 14 100
10 19 95
17 11 100
20 12 55
10 16 88
19 17 56
18 13 68
13 14 71
17 10 67
18 15 76
10 20 73
11 19 57
15 19 75
17 17 90
20 17 70
12 15 64
18 12 96
11 13 95
16 13 79
13 19 59
15 20 89
20 10 60
18 19 74
16 12 91
14 20 89
12 15 71
10 10 96
20 20 86
20 18 74
13 17 58
17 18 100
14 11 67
10 10 91
13 14 74
11 19 56
18 10 52
17 19 68
14 19 53
18 17 58
10 12 83
14 19 91
10 12 87
14 19 54
17 14 88
13 15 67
14 18 89
11 10 81
20 20 81
16 17 70
15 19 71
14 12 77
12 13 87
19 19 100
11 10 81
11 11 61
15 15 53
10 16 55
15 15 99
13 19 57
11 15 66
10 16 66
17 16 99
16 17 81
12 13 85
18 10 92
15 14 95
15 20 54
12 20 61
10 15 97
19 15 95
13 17 67
18 17 52
20 19 93
18 19 88
14 14 99
12 18 100
12 14 73
20 14 73
15 15 65
14 10 73
13 13 61
12 14 58
20 13 53
20 18 70
19 18 79
20 20 100
12 11 77
11 11 97
14 20 79
10 18 93
18 19 99
17 15 98
14 13 96
17 17 100
12 20 78
11 12 60
19 19 61
16 16 96
14 16 93
13 17 95
17 18 58
20 16 71
14 18 58
18 12 71
16 17 72
11 14 71
12 13 50
10 19 99
16 19 53
13 11 82
11 15 79
15 11 56
14 17 87
20 13 54
15 18 59
19 14 85
19 11 83
19 15 62
17 16 96
13 17 99
10 17 54
12 20 99
10 13 98
20 13 57
17 19 70
17 17 87
10 19 54
18 18 78
20 12 67
20 10 65
10 19 73
12 12 58
10 16 51
17 18 75
16 11 67
10 11 90
17 10 74
10 19 54
10 18 71
18 10 92
13 20 52
10 15 68
18 19 94
19 13 64
12 16 73
18 20 99
12 18 52
13 14 68
15 14 91
15 13 82
10 19 77
10 19 81
19 13 85
14 11 85
18 13 61
20 18 57
12 12 99
14 17 59
20 11 99
18 10 97
10 20 97
11 19 98
16 12 57
11 20 60
18 19 80
14 11 68
12 10 70
17 12 52
13 19 91
16 12 65
11 12 94
12 18 99
10 18 98
13 19 62
20 16 74
10 17 52
19 12 65
18 13 92
19 16 51
20 20 66
16 18 81
14 15 57
12 11 69
11 17 71
13 13 50
19 10 99
14 20 80
13 13 94
16 18 84
16 10 90
16 18 82
15 11 77
18 15 68
19 11 84
12 14 96
14 12 88
18 12 73
13 17 75
11 19 67
18 16 82
19 18 50
20 13 99
14 20 51
10 18 61
19 16 73
12 15 80
17 18 71
14 13 57
10 18 82
11 18 79
20 16 88
16 20 63
18 12 61
11 15 90
13 15 82
11 20 58
14 17 99
13 13 86
12 18 76
17 14 69
17 15 67
18 17 57
13 13 61
13 10 86
13 19 74
17 15 88
14 17 81
11 20 50
16 15 50
10 10 71
14 14 88
17 14 94
11 16 85
12 16 69
17 18 95
11 16 94
10 12 95
10 12 62
10 16 84
11 14 59
12 13 70
19 13 93
14 12 60
15 12 85
20 10 93
14 18 92
19 17 73
14 18 73
11 14 51
10 14 80
15 15 74
11 19 77
10 11 77
11 11 69
18 11 60
16 20 83
19 17 89
14 13 84
16 18 65
10 19 98
11 19 92
13 16 65
16 18 81
16 18 78
15 13 87
12 17 86
14 13 83
15 20 72
20 19 56
19 12 53
14 17 75
19 15 88
16 20 64
19 15 70
10 11 61
17 13 56
16 11 86
17 16 68
15 13 92
19 19 98
20 12 90
19 11 62
15 13 50
14 19 56
14 19 96
11 11 79
20 13 91
14 15 86
15 12 84
12 14 95
15 20 85
10 12 84
14 15 54
19 10 95
11 18 62
13 18 54
18 16 92
20 15 78
19 19 91
18 16 77
11 15 81
14 14 72
19 12 91
17 15 94
19 15 99
17 19 95
20 16 79
10 13 86
19 11 59
19 19 62
10 14 52
11 13 90
17 11 58
11 18 61
18 15 82
14 10 100
11 12 54
14 11 81
20 12 84
13 14 92
20 19 97
18 10 62
19 10 51
10 14 94
19 11 58
17 14 76
11 18 73
16 12 76
15 13 68
15 19 91
10 11 75
14 12 73
17 20 97
12 16 82
15 20 55
11 17 95
19 15 60
13 11 50
10 15 56
11 17 60
20 10 99
10 20 53
13 11 71
12 11 88
17 19 91
16 10 85
14 12 73
20 18 90
19 12 61
11 13 81
11 14 61
15 11 78
20 17 65
18 13 100
12 15 73
14 11 50
13 18 57
13 11 50
11 12 64
20 15 54
15 10 50
11 18 94
15 16 85
19 17 80
16 18 93
13 14 100
11 16 71
12 10 57
13 10 89
18 10 54
18 14 100
15 14 86
10 10 57
19 20 68
