1000 1000
5 7
10 7
5 5
4 3
3 9
10 6
4 1
9 6
4 8
3 7
10 3
9 4
1 6
1 3
5 7
8 9
5 6
4 6
2 10
10 9
7 2
4 2
3 7
5 8
9 1
6 9
2 1
2 7
4 4
3 5
4 8
6 4
1 9
6 8
3 8
8 10
5 4
4 9
1 3
2 1
9 1
1 9
7 3
5 4
7 1
3 8
9 4
7 10
5 3
5 4
8 2
5 5
2 10
9 2
4 4
6 1
3 2
1 4
4 9
4 10
3 5
10 4
7 2
4 10
8 7
2 6
4 8
6 7
8 10
6 4
10 9
6 9
1 4
9 1
9 9
7 9
1 3
5 2
5 2
2 7
6 6
7 5
4 7
8 4
3 4
9 7
10 6
9 1
4 9
3 8
8 5
9 3
6 4
3 8
6 9
2 7
9 2
1 3
6 8
7 5
4 3
8 1
4 9
5 9
6 5
4 9
4 9
5 2
2 4
9 5
3 3
2 9
1 9
4 9
10 10
2 8
1 3
5 5
1 7
1 1
2 1
1 8
1 10
3 1
3 2
8 1
9 2
5 1
1 2
3 3
4 2
3 8
5 8
1 1
5 1
3 2
5 4
1 1
1 3
5 1
10 4
6 8
7 3
3 4
4 10
9 2
6 8
5 5
6 6
5 6
5 2
9 7
1 1
7 1
7 10
5 7
5 5
10 3
7 10
10 1
9 4
10 7
5 4
7 5
10 1
3 1
7 8
7 6
7 9
3 8
1 8
6 3
3 2
6 3
5 7
6 2
4 8
7 10
9 4
1 5
2 9
4 2
6 10
8 1
3 3
4 7
9 5
7 5
9 2
1 7
7 6
3 4
9 10
2 4
4 8
9 2
4 10
4 2
5 3
2 9
9 2
9 10
4 4
1 1
2 8
1 1
4 8
3 5
9 10
5 3
9 7
10 9
7 3
3 7
1 8
8 5
1 7
9 2
4 7
8 6
7 1
3 10
8 10
8 3
5 8
4 10
8 5
2 8
10 8
4 4
1 9
5 5
10 2
3 6
6 8
5 8
9 6
2 6
5 4
2 4
4 10
10 3
6 1
10 5
2 4
7 9
8 10
4 6
7 10
6 6
3 2
1 3
7 7
9 1
2 6
9 1
5 6
3 9
8 4
4 9
4 7
5 7
8 5
8 6
5 3
8 10
2 4
2 7
10 6
4 10
9 8
2 3
8 4
10 10
5 7
4 4
3 2
6 5
8 8
7 3
3 10
1 3
7 7
8 8
2 3
3 7
8 4
8 6
5 8
5 2
3 6
10 4
5 5
4 10
4 6
10 7
10 10
10 1
4 1
2 9
1 9
7 3
9 4
9 6
3 9
7 3
7 10
1 2
10 8
6 9
9 4
10 10
3 2
1 6
10 2
9 5
7 10
3 2
1 5
9 1
9 5
5 10
5 6
3 2
3 1
5 10
8 7
1 3
3 1
6 1
5 5
5 7
1 3
8 9
1 3
2 1
1 3
3 2
10 9
8 1
9 9
8 6
10 7
8 10
2 5
9 5
8 3
1 3
9 9
9 10
9 2
9 9
10 1
4 6
1 10
9 8
10 1
6 10
10 10
9 3
3 5
4 10
6 7
4 4
3 4
6 4
4 10
9 2
7 2
7 1
3 5
5 5
6 6
4 9
10 6
3 3
9 7
5 5
10 5
7 8
6 1
1 9
6 8
10 1
5 3
6 10
9 2
10 6
9 3
8 4
9 1
10 5
6 4
6 4
10 6
8 2
2 8
1 7
4 6
5 5
6 10
5 8
5 10
4 6
2 1
9 6
5 6
4 2
8 9
8 4
4 10
9 10
5 4
2 3
3 6
8 8
7 2
6 1
6 5
10 9
2 4
10 9
5 10
1 2
10 7
5 3
2 4
9 8
10 5
10 10
8 10
10 10
7 4
10 9
8 6
9 7
8 9
5 1
6 1
2 8
9 4
4 2
3 1
10 1
8 9
7 5
3 2
10 6
10 8
4 6
9 6
2 6
2 2
3 7
2 8
2 2
5 1
6 1
2 8
7 10
3 4
3 2
3 2
5 4
5 1
1 3
1 5
6 7
1 8
8 9
7 4
3 7
9 2
10 4
9 4
10 1
7 3
3 2
5 4
8 5
3 8
10 1
5 2
7 5
8 5
7 4
3 4
6 7
2 4
2 6
7 2
4 5
3 10
9 2
5 4
9 10
7 5
6 8
10 1
3 7
1 2
6 8
4 9
10 3
9 9
6 5
2 9
4 6
8 3
3 9
7 2
7 10
8 5
10 8
8 10
10 4
2 7
7 3
4 1
10 7
1 1
8 6
6 6
4 3
3 1
10 6
3 5
7 4
10 3
9 7
10 7
4 4
1 10
3 5
10 5
9 3
8 3
1 7
6 5
10 10
6 5
6 10
1 5
6 4
9 1
9 8
8 4
8 10
3 8
1 5
8 9
8 2
6 1
6 1
10 8
9 7
7 8
9 10
2 9
9 2
10 7
2 1
6 6
10 6
9 5
7 1
6 8
4 8
10 8
10 3
7 5
1 6
1 4
5 4
7 1
9 10
10 6
5 3
1 9
9 4
9 7
1 5
1 9
4 2
3 4
2 1
4 6
10 4
10 3
4 5
6 5
2 7
4 7
9 5
3 7
7 6
10 8
5 1
1 3
9 7
7 4
9 3
4 3
10 3
4 1
5 6
3 9
2 2
5 7
7 4
4 2
4 10
8 9
9 1
2 6
6 5
8 3
10 8
8 5
4 2
7 9
5 6
5 7
2 4
4 1
1 10
3 9
2 3
5 6
9 2
1 8
3 9
10 2
4 5
3 10
9 5
5 8
2 4
1 4
3 9
4 6
4 8
5 2
7 5
7 6
7 2
4 6
6 8
7 1
6 10
9 6
3 7
2 3
5 5
6 4
7 7
9 4
6 4
6 10
8 5
8 3
8 4
8 3
8 7
5 2
9 5
4 10
8 1
9 10
7 7
2 2
7 8
7 2
8 6
9 5
5 5
9 9
8 8
4 1
8 3
8 4
2 1
4 4
9 4
4 3
4 7
4 6
7 1
1 9
10 4
4 4
4 3
9 10
9 5
1 4
3 4
6 5
1 6
3 6
5 7
6 2
10 10
7 9
4 5
1 1
4 5
3 1
8 3
9 1
5 8
1 6
4 2
3 4
7 10
6 4
6 4
7 6
8 10
7 8
4 9
7 7
4 7
3 4
6 5
8 7
2 3
3 7
5 1
1 5
6 9
10 9
4 8
3 8
2 5
2 2
1 2
2 7
1 5
1 9
9 9
6 5
8 5
8 7
4 10
8 1
3 7
2 6
4 1
10 1
2 5
8 2
4 8
4 10
9 3
5 1
7 8
1 3
10 1
6 4
2 8
5 4
5 7
3 10
4 7
6 4
7 6
5 9
3 6
3 2
5 4
9 10
2 3
6 9
2 3
4 7
8 7
9 10
3 9
4 4
8 2
3 10
7 5
9 2
10 6
1 7
3 2
5 9
6 2
7 2
7 2
4 4
7 5
8 7
7 1
1 2
8 7
10 4
4 4
1 8
10 5
3 1
1 1
7 4
4 3
2 8
5 7
7 7
5 9
2 3
5 8
1 1
1 10
8 8
6 7
2 5
6 2
9 4
2 9
6 5
6 2
5 3
2 7
6 4
6 2
8 10
4 1
8 7
9 4
8 10
2 3
9 7
9 1
4 9
9 8
4 10
7 3
6 4
3 3
9 8
8 4
5 4
2 7
7 7
5 8
10 1
8 2
9 7
5 5
1 10
8 9
7 2
3 7
4 9
4 9
8 5
1 2
6 6
2 6
8 6
9 4
9 7
4 7
1 8
5 3
5 4
9 10
5 4
9 8
7 7
6 10
10 4
7 5
6 1
5 7
7 7
7 3
2 10
2 7
5 8
2 6
2 5
3 3
3 7
1 4
10 2
4 3
7 6
9 1
5 6
10 8
2 9
2 5
5 1
10 4
5 6
6 2
4 4
5 9
2 1
7 9
4 5
7 5
5 5
10 10
10 5
6 10
8 10
5 3
5 6
7 6
2 2
8 5
6 7
6 8
3 5
5 10
6 6
9 7
1 10
8 9
7 6
4 1
4 6
4 2
5 9
10 8
6 5
9 1
7 2
9 5
5 9
7 9
7 8
8 3
8 3
4 8
5 5
3 2
1 1
3 10
4 3
6 6
2 5
4 9
10 5
9 10
10 7
4 6
3 5
5 1
5 4
9 7
2 8
3 5
10 1
1 4
6 9
9 10
5 10
7 8
3 7
5 4
3 6
4 7
7 6
9 9
2 7
6 8
9 2
8 4
6 9
3 4
3 3
4 4
9 6
10 7
7 3
7 8
2 4
6 6
6 3
3 4
3 10
9 4
5 3
9 8
3 7
9 8
2 6
1 1
9 6
2 3
1 3
3 10
1 10
4 4
7 1
2 2
1 7
3 8
17 16 58
18 20 100
14 18 77
16 19 64
15 18 53
19 15 64
15 12 57
15 17 89
17 19 98
11 15 56
18 13 57
12 17 55
12 20 64
12 19 74
18 16 71
18 16 71
13 13 94
14 10 65
12 17 74
17 11 97
17 10 53
10 19 97
15 11 70
15 20 78
11 19 88
17 10 67
17 13 97
11 11 75
18 14 95
14 13 94
19 14 50
19 19 88
15 16 99
13 20 51
15 18 93
11 10 92
17 10 66
15 17 57
16 17 86
17 19 86
14 20 81
17 11 83
20 19 76
18 16 79
11 11 88
13 14 68
12 13 98
14 13 89
18 12 72
10 15 51
17 20 53
12 19 72
16 18 98
17 19 50
20 13 64
12 13 98
16 12 66
11 17 98
20 13 78
12 14 68
14 10 89
19 13 63
19 18 93
19 19 74
14 10 96
11 11 74
12 15 55
13 19 81
13 11 57
12 16 60
10 11 78
12 19 54
17 10 74
13 13 91
12 17 63
12 16 67
15 11 74
11 12 57
20 15 68
14 16 91
18 11 91
15 10 73
16 13 80
14 12 87
18 10 56
16 15 51
11 19 55
12 17 60
15 11 61
15 13 70
15 11 60
20 11 95
12 17 98
11 14 50
15 17 70
19 11 94
16 18 84
18 14 93
14 11 67
15 15 58
17 13 96
16 15 85
14 18 79
11 13 62
11 15 80
13 16 97
13 13 62
20 10 81
11 20 96
11 18 86
13 19 89
10 10 77
12 16 85
17 13 56
15 19 60
14 15 67
16 15 58
10 19 93
16 14 85
15 20 65
12 11 88
17 16 94
15 16 76
17 14 70
14 15 98
10 18 73
11 13 87
19 20 60
14 20 79
10 10 75
10 14 57
12 12 89
13 18 91
17 16 55
12 11 82
17 14 53
16 12 98
14 10 73
18 18 63
10 19 61
15 19 98
14 14 59
18 15 59
10 17 95
15 18 64
15 16 80
18 14 51
19 11 80
13 18 92
20 20 58
19 19 71
17 17 85
15 16 85
18 20 54
14 14 96
18 12 65
20 20 51
10 12 63
19 11 92
12 20 69
17 20 52
12 15 66
12 20 83
12 16 94
15 17 78
14 19 89
14 15 58
12 10 67
13 16 89
10 10 50
16 17 74
11 12 69
19 16 83
15 10 98
18 19 50
20 18 83
13 14 100
10 15 99
17 15 98
15 18 91
17 14 99
20 19 71
20 14 54
20 10 57
20 13 72
13 12 60
10 10 84
18 20 62
16 13 78
10 20 64
15 16 75
20 10 61
11 20 97
11 17 51
19 10 67
10 11 73
17 15 70
10 19 85
12 12 72
19 16 50
15 11 79
14 17 58
19 15 74
10 13 67
18 11 56
14 12 90
18 20 85
11 11 81
10 17 78
20 10 52
13 16 86
16 16 80
15 18 87
14 14 64
17 14 51
14 14 83
19 12 58
18 16 100
16 19 92
17 13 56
20 20 88
10 15 90
17 13 99
20 12 77
10 20 89
13 20 100
14 18 73
11 20 80
16 11 94
10 18 50
12 11 97
12 18 63
17 15 59
10 18 93
20 19 93
17 10 94
19 18 61
12 15 60
10 20 81
10 19 74
18 15 66
10 18 84
14 14 83
13 17 85
10 19 92
17 11 64
14 20 86
19 12 81
15 20 84
16 15 96
13 15 65
18 10 57
10 19 81
20 20 66
12 18 67
20 12 53
16 18 65
11 11 53
10 11 95
14 18 81
18 16 78
20 14 75
13 13 80
15 13 65
17 11 74
14 13 84
17 11 66
16 10 94
15 16 89
16 20 71
16 10 80
20 18 70
20 10 67
10 10 63
16 15 91
19 20 82
19 15 56
11 17 60
18 15 78
18 12 61
16 15 89
17 10 79
13 11 63
14 12 76
13 14 68
16 14 55
20 19 96
12 15 57
17 12 79
10 20 59
19 13 98
18 13 61
15 15 87
10 12 85
18 16 55
17 10 89
17 11 50
18 13 82
15 18 87
18 18 69
12 15 98
12 14 70
11 14 86
15 19 77
11 16 55
14 10 81
18 13 68
11 15 76
14 18 98
15 11 54
17 20 91
16 14 92
20 15 99
15 14 77
17 19 52
14 19 92
16 20 90
15 12 78
14 16 90
11 10 57
19 14 70
19 16 98
13 15 51
11 12 83
18 11 87
16 11 99
14 11 70
20 11 98
13 17 88
17 19 75
17 14 69
18 19 50
12 18 83
20 15 76
20 11 80
11 12 75
16 18 62
20 13 63
17 19 91
13 19 76
15 19 60
18 13 84
19 10 59
10 10 55
11 11 85
12 18 66
15 10 94
17 13 81
12 17 86
19 14 86
16 13 50
16 11 95
13 15 94
12 11 59
14 12 75
17 12 88
13 20 54
17 18 67
18 20 87
19 18 72
11 16 84
14 20 82
16 13 69
12 17 61
18 10 52
15 19 90
18 17 65
10 14 55
11 15 77
17 17 58
13 15 95
15 19 95
19 12 66
10 15 62
16 10 77
10 18 57
16 20 51
16 10 55
14 14 56
16 19 71
14 13 92
13 13 72
13 17 66
15 13 95
14 12 76
14 16 97
20 15 95
17 12 71
11 14 56
17 15 72
17 10 78
11 16 93
20 15 81
17 14 56
17 13 87
17 18 71
20 18 92
14 15 78
20 15 93
15 16 94
15 10 68
15 19 76
13 12 100
12 17 94
10 16 71
15 19 72
13 12 70
16 17 75
14 11 93
13 12 91
11 17 72
11 16 78
19 10 65
15 14 100
15 11 55
15 12 51
13 11 70
13 19 52
20 17 82
14 11 86
15 16 69
13 15 94
11 15 79
19 12 61
18 19 95
18 14 79
13 18 66
20 16 81
11 18 97
14 14 74
18 13 52
11 10 55
17 15 84
18 17 61
17 16 72
11 17 77
18 11 76
18 14 90
20 19 73
11 14 60
16 10 98
18 12 59
16 16 72
14 18 83
19 13 60
17 17 88
18 16 80
11 19 67
17 15 73
11 10 98
18 16 78
15 17 90
14 16 93
15 12 94
19 13 83
19 14 66
16 14 57
14 18 71
16 11 85
20 20 98
13 11 90
17 10 78
15 20 65
10 17 67
15 11 74
17 19 55
12 16 85
18 20 74
16 17 58
10 16 53
13 16 97
16 19 71
11 20 76
18 16 75
11 17 64
19 13 86
14 12 93
14 15 79
20 18 94
18 18 89
20 10 86
15 12 56
19 19 69
17 16 77
12 10 87
11 15 81
17 14 78
16 14 94
10 14 80
13 17 89
17 13 84
16 10 97
14 11 96
12 13 92
14 19 76
13 15 72
15 20 86
13 16 90
13 16 75
18 13 93
12 13 64
15 15 88
15 20 78
12 17 69
18 20 72
11 20 72
20 12 51
17 17 85
11 20 95
18 13 82
18 15 66
15 16 70
16 12 93
12 19 87
11 19 85
20 15 57
16 15 63
13 14 89
12 12 57
18 11 79
16 11 78
14 11 90
10 14 97
19 19 56
13 12 60
10 10 61
17 18 91
16 12 79
18 18 75
13 14 90
16 12 64
19 16 60
16 18 63
19 16 62
12 18 83
16 10 99
10 20 78
12 18 65
11 19 99
15 10 69
19 16 86
15 14 91
12 11 98
10 19 60
16 16 72
14 13 59
17 12 62
11 18 85
13 14 87
20 17 80
16 14 93
16 12 84
16 15 62
17 13 89
18 12 95
14 17 89
19 15 98
18 14 56
11 19 55
20 18 59
17 15 93
11 16 67
12 12 62
16 20 58
10 20 73
16 12 80
10 10 69
10 12 58
15 17 56
17 11 59
15 13 98
13 12 83
15 16 82
10 15 59
18 14 79
18 14 98
16 19 93
19 19 75
18 19 57
17 10 83
17 12 52
15 14 64
12 17 64
16 16 73
19 17 60
14 16 68
20 16 85
18 13 100
19 10 83
13 16 60
18 10 52
18 19 78
14 15 83
14 11 58
19 17 57
17 13 89
12 17 78
17 13 74
17 12 58
17 10 63
13 17 77
16 11 72
10 15 100
19 19 93
15 19 50
10 18 56
17 17 87
17 16 51
19 12 95
14 12 75
11 17 89
18 17 72
18 15 84
14 12 67
20 13 76
15 11 99
20 14 59
18 12 93
17 15 64
16 20 74
12 16 53
18 15 74
10 17 63
13 13 90
20 11 91
14 13 55
14 17 91
13 20 58
14 13 81
15 16 69
16 17 57
12 13 96
17 10 76
20 20 79
19 11 95
13 10 60
14 19 99
16 11 85
11 14 59
19 11 76
17 11 95
13 20 86
14 14 84
10 16 93
11 10 92
13 19 62
19 20 82
10 17 83
10 12 98
12 11 53
10 19 95
20 18 68
10 12 69
19 14 99
13 14 56
16 17 51
13 14 68
15 17 99
11 12 98
11 17 70
16 15 91
14 12 58
10 14 75
10 15 87
13 16 100
18 10 73
17 15 89
20 19 54
11 10 85
16 10 78
15 14 52
20 14 94
15 13 84
18 20 68
17 16 55
12 14 51
10 14 56
19 12 100
20 19 93
17 19 82
15 18 79
17 11 54
17 17 77
13 19 67
10 12 69
16 10 50
17 17 98
10 16 53
13 14 56
19 13 71
16 18 50
15 18 70
12 17 53
18 12 84
13 17 92
17 12 69
13 15 84
16 16 54
16 18 67
18 16 64
17 10 75
15 20 66
18 11 55
15 10 68
10 14 50
14 11 84
18 17 90
10 20 90
16 16 79
10 20 63
16 19 55
17 11 54
13 19 87
20 18 54
18 20 67
10 11 96
12 12 77
18 12 76
19 12 88
14 19 71
12 12 66
14 17 93
17 16 96
20 13 96
16 11 61
17 12 95
19 19 59
12 20 52
16 17 73
14 19 53
20 20 91
16 20 98
16 19 96
18 16 95
10 10 53
18 17 81
18 11 87
17 15 52
20 10 88
13 12 74
14 14 58
19 15 62
15 10 60
20 15 73
17 14 52
11 19 86
20 17 73
13 11 51
13 16 59
19 20 52
17 13 76
12 13 50
16 20 73
12 11 85
14 18 87
13 17 77
16 20 61
13 15 68
15 17 83
15 19 53
13 20 56
15 18 68
11 18 93
12 14 85
13 17 64
12 18 74
16 14 66
20 17 91
13 13 74
18 10 83
16 14 94
15 11 89
10 15 92
15 20 76
19 12 84
17 20 90
13 16 84
20 14 67
18 14 80
13 16 77
14 15 51
12 11 55
16 17 81
17 12 95
20 20 91
10 20 77
20 10 82
10 15 64
17 12 60
10 12 97
17 15 92
17 17 76
12 16 100
16 11 57
20 18 56
13 15 63
11 11 52
12 11 57
13 11 58
10 19 93
16 13 77
20 12 71
11 12 76
13 16 59
19 16 70
20 15 85
16 18 91
12 13 82
17 10 99
15 16 82
17 17 84
11 15 81
15 17 72
14 13 53
13 16 59
15 10 65
20 15 99
18 17 57
10 20 64
12 17 63
17 15 98
10 15 64
14 10 53
14 12 62
17 20 69
11 17 83
10 17 62
10 11 84
19 11 64
16 14 89
11 17 50
20 11 89
20 14 100
18 17 64
17 19 51
17 14 76
18 15 86
13 11 50
10 18 79
10 14 81
19 20 58
16 14 71
11 13 70
20 18 59
13 14 79
14 19 98
15 19 90
14 20 100
19 10 99
10 13 60
16 16 79
15 16 80
10 14 76
14 18 92
19 18 99
15 14 91
17 14 53
20 17 73
14 18 93
12 17 67
17 10 97
13 10 98
12 16 52
20 10 63
11 13 83
17 15 86
12 16 52
13 12 100
18 13 93
12 18 50
17 15 100
16 11 57
20 11 70
17 16 78
10 11 56
15 19 92
11 11 81
14 18 81
20 16 85
12 13 92
19 16 68
17 16 97
16 20 67
12 14 91
16 17 74
19 17 69
11 11 95
20 12 100
17 15 86
10 15 86
15 13 74
14 13 66
18 11 76
13 18 53
15 17 76
19 18 92
14 13 92
18 18 65
17 19 83
13 15 62
17 15 90
14 16 89
20 16 93
20 20 70
15 16 53
15 12 84
18 17 59
16 10 97
11 18 97
17 15 51
20 20 81
18 11 50
12 16 69
18 18 74
13 16 77
19 17 69
10 20 84
14 17 86
17 13 74
16 10 67
15 16 62
13 11 52
13 19 52
18 11 85
17 15 96
18 15 90
13 13 64
10 13 88
10 16 58
10 10 82
14 18 70
15 17 79
18 15 97
17 10 98
11 20 91
10 16 50
15 13 96
19 20 79
16 13 60
11 18 100
16 16 80
15 15 64
12 16 84
15 16 76
11 12 67
18 16 76
18 15 50
16 12 60
13 19 75
19 18 61
12 16 91
13 10 82
19 12 50
17 10 52
18 10 95
15 19 72
12 20 85
15 11 66
15 18 60
11 19 59
15 10 94
20 12 85
15 19 90
18 13 87
11 17 91
14 18 78
13 16 97
18 20 69
17 19 61
20 20 95
18 16 94
10 14 51
18 16 74
15 20 51
15 11 62
15 19 52
13 14 93
10 12 51
19 15 83
17 12 77
12 17 71
14 18 98
16 17 77
12 16 98
11 10 99
15 20 96
15 14 68
13 17 100
15 20 98
12 17 83
10 19 68
11 20 59
16 15 53
16 13 56
11 16 55
20 14 92
10 15 57
12 17 83
10 15 56
17 16 88
