2000 2000
10 2
10 7
2 1
2 5
3 6
5 6
10 1
10 4
5 6
1 5
9 4
8 5
1 3
2 4
8 10
1 3
3 5
7 9
2 7
7 2
2 9
2 1
3 4
1 8
3 9
10 2
6 10
5 4
4 2
10 9
6 7
5 8
8 4
2 3
7 5
7 4
8 5
8 3
10 3
2 9
10 2
1 3
1 10
2 10
7 9
9 10
3 5
10 9
4 10
7 9
5 7
4 10
7 3
5 4
10 6
10 8
8 9
6 9
4 3
7 1
9 3
1 5
4 6
4 6
6 7
7 2
7 7
6 10
8 6
4 2
1 4
4 6
4 8
3 10
9 4
10 9
8 2
1 4
8 5
9 4
7 3
9 6
7 9
6 9
1 6
1 5
5 7
7 7
9 3
8 6
9 6
1 8
4 3
3 8
10 9
1 8
8 2
10 3
2 8
8 7
1 5
10 6
4 5
5 8
10 6
7 10
8 7
8 3
1 4
5 3
6 8
2 3
7 6
6 1
9 10
6 6
7 1
5 1
1 3
9 7
4 7
8 10
5 7
10 9
9 7
10 4
2 1
2 6
2 7
4 2
8 3
3 3
10 1
4 9
6 2
7 1
7 6
9 2
4 4
10 2
2 6
7 7
10 1
6 2
8 1
8 3
4 10
5 4
1 8
5 3
3 10
6 8
6 9
10 1
8 10
6 9
1 10
6 9
8 4
6 3
4 9
10 7
4 3
4 9
2 1
7 1
5 3
10 6
3 7
8 9
7 4
10 2
10 2
10 6
1 2
5 2
4 6
8 1
9 1
6 9
1 7
7 6
7 7
5 6
7 2
7 8
3 8
5 2
1 4
3 9
2 5
9 1
7 2
2 10
9 3
1 10
1 5
2 5
7 6
2 2
3 6
1 7
9 9
6 10
1 6
10 2
7 6
7 1
4 7
4 3
1 3
3 1
2 7
4 7
3 4
10 6
5 1
5 7
3 3
2 1
4 1
10 9
3 7
6 3
7 7
2 10
9 3
4 10
1 5
7 6
4 10
5 6
7 4
8 9
4 5
3 4
8 10
4 3
4 6
5 1
10 3
7 8
3 2
8 6
6 8
9 3
1 8
8 1
1 10
8 9
1 7
1 5
1 7
2 6
8 9
10 1
10 9
9 8
6 7
1 1
9 7
7 2
7 10
7 2
5 5
10 8
2 2
10 1
5 6
9 9
6 3
7 4
8 10
3 7
6 9
3 4
8 6
8 6
1 3
7 2
5 6
6 2
1 5
7 10
3 1
8 8
5 2
7 7
10 7
10 9
5 10
2 7
1 7
10 4
3 5
2 5
7 7
1 1
10 1
1 1
2 2
2 10
5 7
1 8
7 8
5 6
7 3
10 2
9 10
2 5
5 8
10 3
7 1
10 3
9 1
2 10
6 10
3 10
10 4
2 7
9 9
2 10
3 2
10 2
9 8
2 8
10 6
9 6
1 1
10 10
6 4
1 3
3 2
4 6
5 8
9 4
2 1
10 8
4 1
10 3
3 10
2 6
1 2
6 4
2 6
3 7
4 7
7 10
1 10
5 2
7 8
7 10
9 7
6 4
4 8
6 2
7 3
6 2
8 8
3 4
3 2
4 5
4 5
9 7
5 8
6 7
3 7
2 6
1 7
2 3
4 1
3 9
4 7
9 3
8 6
2 1
7 2
7 2
8 4
2 1
5 4
7 4
4 6
5 1
6 6
2 2
8 2
8 3
9 2
3 5
6 5
3 4
7 8
4 5
1 9
5 1
2 3
4 4
8 1
8 3
3 7
5 2
2 4
5 2
8 6
8 6
7 9
7 8
5 7
4 3
6 6
6 7
3 8
3 1
7 2
7 5
6 8
6 4
3 7
6 8
4 7
6 1
5 9
8 2
3 6
1 9
8 9
10 5
4 1
6 8
9 8
3 3
1 5
9 6
4 8
4 1
6 7
2 9
3 4
2 3
1 5
5 6
7 9
9 10
6 10
4 5
8 8
9 10
4 8
4 8
5 6
5 2
7 10
5 9
4 8
9 2
5 2
7 7
3 8
9 10
1 10
6 4
7 3
2 10
8 1
1 5
7 1
9 3
3 2
9 5
10 6
9 1
10 3
6 5
3 10
2 10
1 4
3 5
8 5
2 8
3 6
8 1
3 10
5 1
10 3
7 8
10 1
1 3
5 5
10 7
7 10
8 3
10 2
7 7
9 8
2 1
6 2
2 7
10 5
5 3
6 2
10 10
10 5
3 8
4 1
10 7
9 2
5 2
10 10
2 5
10 1
5 2
3 1
2 8
4 3
9 8
5 2
10 7
3 10
6 7
10 5
6 1
3 2
2 10
5 4
8 10
6 10
6 4
4 2
1 3
7 1
1 8
5 8
2 5
1 10
8 10
4 7
2 8
3 6
1 9
5 7
3 6
8 4
7 3
1 10
6 2
8 7
4 3
6 4
5 6
3 7
9 1
8 2
10 8
5 2
7 5
5 10
9 3
6 5
4 8
6 1
8 4
5 2
2 2
10 1
2 2
8 1
4 6
4 2
2 1
4 1
8 8
3 10
8 1
10 10
3 4
7 6
6 6
10 10
8 1
2 3
7 4
8 8
6 5
3 5
2 6
2 9
3 2
10 9
6 9
5 1
9 1
2 4
6 6
9 9
1 3
1 3
6 2
7 8
10 9
5 9
1 4
8 3
10 9
1 9
6 5
10 10
5 8
5 10
4 6
6 6
5 4
8 1
6 3
2 9
6 3
2 5
5 7
7 8
3 10
8 4
10 1
2 5
1 9
10 4
6 10
2 9
8 4
8 5
2 7
1 5
1 2
4 3
9 1
4 7
1 2
4 5
8 10
6 3
9 5
7 5
7 2
10 4
6 2
5 4
8 4
9 8
2 8
6 5
3 5
9 8
4 5
3 2
5 3
9 7
5 7
6 4
3 2
10 4
8 8
4 2
7 5
6 2
7 2
2 5
5 1
9 10
9 9
4 5
9 8
9 6
5 4
8 3
6 4
7 6
7 10
1 4
5 6
7 3
7 7
9 3
1 6
8 10
4 7
8 6
1 9
4 8
7 8
9 4
1 8
7 10
9 2
9 9
3 4
9 3
8 10
8 1
8 8
7 7
6 10
7 8
6 6
8 7
5 1
7 9
9 1
5 4
4 8
10 6
7 3
6 2
9 2
8 2
1 7
9 4
5 9
3 10
10 3
1 6
1 10
3 10
2 3
1 6
8 6
5 5
10 9
10 6
5 8
3 5
4 2
4 10
2 4
3 3
5 6
8 4
9 2
3 2
8 5
8 1
3 9
7 7
6 6
4 3
10 10
3 10
5 9
3 9
4 5
6 2
10 4
5 1
9 3
6 7
8 7
2 5
5 3
1 10
7 7
10 6
6 1
4 1
6 1
8 4
5 2
3 6
1 7
3 5
5 3
9 6
8 9
7 8
2 5
6 1
3 4
4 9
9 3
3 1
2 10
9 1
7 9
10 1
5 2
3 5
6 8
2 3
7 5
4 6
5 9
7 2
1 6
8 2
8 4
4 4
5 5
6 2
4 4
4 6
2 7
6 3
8 10
8 8
5 3
1 6
8 2
8 4
5 8
8 2
4 6
1 10
2 1
1 2
1 9
7 2
5 1
7 7
8 4
6 10
5 1
2 9
4 1
2 6
5 9
7 3
7 2
7 2
6 8
4 5
8 8
9 3
3 5
8 1
9 7
9 7
8 5
6 8
8 6
10 7
9 1
1 2
10 7
8 1
1 1
5 8
10 4
10 6
7 5
10 7
7 7
7 8
4 7
4 1
2 2
1 8
5 2
5 9
2 6
6 4
8 9
4 5
10 4
10 8
4 3
8 6
6 5
2 7
2 3
7 6
1 1
9 7
2 4
6 8
2 1
7 9
4 5
4 8
8 7
5 7
8 2
2 2
3 7
9 9
10 9
2 4
1 5
9 6
4 3
7 10
9 6
9 7
7 3
4 9
9 9
7 7
7 6
8 3
1 7
6 6
8 10
9 7
9 7
3 10
6 7
6 7
9 10
9 5
2 2
1 8
8 3
2 10
8 9
7 8
4 7
4 6
9 1
9 7
9 10
6 4
5 3
5 10
4 8
2 2
2 6
4 10
3 6
8 2
9 5
8 4
4 3
10 3
3 1
7 7
7 1
8 1
5 4
4 5
10 10
2 8
10 9
5 7
4 4
6 8
4 1
7 6
8 4
10 5
1 5
2 5
9 6
9 6
2 9
1 5
3 6
3 8
10 10
3 1
10 7
4 2
8 1
4 4
4 8
2 3
4 5
3 2
3 9
9 4
5 5
4 9
1 3
9 10
9 2
9 2
1 2
5 1
1 6
7 1
5 6
3 5
8 1
7 6
10 1
10 8
4 1
2 7
7 5
7 4
5 7
4 5
3 10
5 10
5 9
9 1
3 9
10 5
5 8
7 5
4 9
9 10
7 4
1 10
3 10
7 10
1 9
2 1
5 10
10 2
3 6
10 9
10 9
2 6
7 5
8 3
8 4
8 10
2 1
6 1
8 10
8 2
2 1
6 9
7 5
4 7
8 9
7 5
5 6
10 4
8 2
2 6
2 4
5 1
7 10
5 2
3 8
9 2
6 9
1 7
1 4
7 2
1 4
4 6
5 1
5 1
5 7
4 8
7 5
10 5
4 5
5 5
6 8
1 4
8 3
3 10
4 7
6 2
3 5
2 1
4 6
5 10
1 4
3 4
5 5
3 6
8 6
8 1
5 5
5 1
6 4
10 10
9 2
1 6
1 9
6 6
8 4
3 2
9 1
9 9
6 7
1 6
4 5
4 5
8 3
4 4
6 3
7 9
2 8
5 6
6 9
3 9
5 10
9 8
3 7
1 5
5 4
9 4
5 10
8 6
8 4
1 7
6 10
3 4
9 8
3 9
8 7
10 3
2 10
6 10
9 8
10 4
8 6
10 8
2 1
9 8
10 7
6 10
4 5
9 6
3 10
4 9
10 9
2 7
3 3
7 2
10 2
7 4
7 7
9 4
1 2
3 1
7 7
7 8
3 10
1 6
9 7
1 8
3 9
5 6
10 9
4 2
10 3
4 1
4 10
3 10
5 5
4 4
5 1
5 4
5 5
2 4
6 2
5 4
8 5
9 1
8 3
2 6
3 1
10 2
8 8
3 10
5 5
1 1
2 10
8 7
2 3
1 9
8 5
3 10
2 10
10 5
9 10
3 4
2 2
1 10
9 3
7 2
7 2
3 5
6 2
4 2
2 7
1 2
8 4
4 6
3 5
8 5
2 5
3 3
5 8
4 7
6 10
6 6
4 10
10 1
8 10
10 1
10 3
1 3
3 7
9 2
9 6
7 8
4 5
2 5
3 6
6 2
5 9
7 9
2 8
8 10
3 10
1 10
2 8
10 7
2 10
7 3
9 9
9 4
10 5
9 10
10 5
7 9
5 7
3 3
1 6
1 10
8 10
10 4
5 2
9 7
4 4
3 7
1 1
1 9
8 1
9 2
2 1
9 10
3 4
5 5
4 2
7 1
7 2
2 10
4 10
2 4
5 4
9 9
2 7
10 6
10 10
1 1
2 5
6 1
8 4
9 6
9 8
6 7
8 9
3 9
10 7
1 3
4 6
7 10
6 10
7 7
3 1
2 9
5 7
5 9
10 8
7 3
1 2
10 3
10 10
3 7
7 9
1 4
8 7
10 10
1 5
3 7
6 2
7 1
9 9
7 5
8 3
7 7
10 7
6 3
1 10
1 8
8 5
10 9
10 10
1 6
2 6
6 1
9 5
1 10
7 8
3 8
3 3
6 2
7 5
2 6
3 7
7 10
3 4
5 7
2 3
5 2
3 4
6 9
4 2
2 8
10 4
6 9
4 4
3 5
8 2
7 6
10 4
3 2
9 4
9 10
6 10
1 10
9 6
6 10
7 7
4 7
7 8
9 5
10 2
7 4
5 2
1 2
10 3
9 4
3 2
7 4
1 5
4 9
3 5
9 9
3 2
2 5
4 4
4 3
8 8
5 2
2 10
4 5
3 10
1 8
6 7
10 8
6 6
7 4
6 9
3 5
6 5
7 1
1 6
10 6
1 9
3 5
10 5
2 4
2 3
10 4
7 6
6 10
5 7
8 4
5 10
1 4
3 3
2 10
4 6
2 7
7 3
5 4
4 5
7 1
1 10
2 3
7 1
7 1
1 4
8 6
8 9
9 9
9 10
6 7
7 8
1 9
10 1
6 5
10 4
9 4
5 5
10 8
10 9
10 2
8 10
8 10
5 3
4 3
8 2
3 7
3 6
1 4
2 7
7 7
8 1
2 1
1 10
10 10
3 10
8 9
3 5
6 4
10 10
2 4
7 6
9 9
10 1
2 2
8 8
1 4
5 1
3 2
10 10
1 3
5 1
6 5
8 5
10 2
6 5
10 10
2 7
2 10
5 5
2 3
2 1
1 5
3 6
2 1
2 2
6 7
3 4
4 6
3 4
4 2
1 9
7 8
2 5
1 3
1 2
9 1
2 10
10 10
3 5
9 10
6 10
2 1
7 7
9 6
8 1
4 10
10 10
10 5
4 6
2 7
7 7
5 2
5 5
5 8
5 1
5 5
2 6
9 7
1 10
10 4
3 8
7 4
4 7
7 10
7 6
3 4
3 8
3 3
10 2
7 7
1 6
2 10
9 10
3 4
6 8
3 10
5 1
6 6
6 8
7 10
4 8
2 5
5 10
3 8
8 3
8 3
3 9
4 2
10 5
7 2
9 2
5 5
4 6
2 9
9 3
8 10
2 9
4 8
5 8
6 2
9 9
9 9
6 3
8 1
1 3
9 7
2 2
9 6
3 4
2 4
7 4
2 3
3 2
8 5
10 2
9 6
1 2
5 6
2 10
7 8
5 7
10 6
8 10
1 8
9 5
5 7
6 9
4 8
3 7
1 10
8 3
1 10
5 1
8 4
10 1
7 3
7 4
9 5
3 7
3 6
6 9
2 10
3 8
5 3
1 6
10 8
10 1
9 2
7 7
6 1
1 5
8 3
2 10
4 6
3 9
4 6
9 9
5 2
8 9
9 4
9 8
8 10
7 7
3 2
10 2
1 2
4 7
10 1
10 1
10 7
8 9
4 6
5 3
10 1
4 7
9 8
3 8
10 4
5 8
8 7
7 6
5 1
6 6
5 7
7 10
1 10
2 7
4 4
7 1
6 8
3 6
10 7
2 6
2 9
9 5
8 5
8 8
5 5
10 3
3 8
1 1
1 1
6 3
3 9
4 10
10 1
7 10
3 5
10 5
8 10
9 6
8 2
3 8
10 4
3 5
7 10
4 6
2 4
6 4
6 9
3 2
6 10
10 7
6 6
4 10
4 2
5 6
8 4
6 6
4 6
5 3
3 9
5 4
6 8
8 8
7 8
8 10
9 1
1 1
2 6
2 9
2 4
5 7
7 2
7 1
8 10
5 4
4 4
6 3
5 10
3 3
5 7
10 6
6 1
10 7
4 8
6 8
1 1
4 2
7 1
8 10
8 1
8 10
9 10
10 9
1 4
4 10
4 5
6 2
6 1
1 3
10 8
8 8
3 10
7 7
9 1
2 6
10 3
4 10
9 5
5 9
1 1
4 5
10 1
7 1
6 4
9 1
4 2
3 7
9 7
3 10
8 10
6 7
7 7
2 9
7 4
7 7
6 1
8 6
3 9
5 5
9 8
10 6
7 10
4 7
1 6
9 4
6 8
5 3
9 5
7 9
5 1
6 5
5 2
5 7
3 10
4 4
4 10
4 7
9 2
8 7
9 2
6 7
3 6
10 4
7 4
7 10
10 9
2 4
1 10
9 8
7 4
2 2
5 9
1 7
10 2
10 5
2 10
9 1
9 4
1 1
6 1
1 2
8 8
2 4
8 2
10 4
1 2
8 6
5 9
8 4
1 3
8 4
10 9
2 5
8 9
3 3
6 7
2 4
1 10
2 4
9 4
4 6
9 7
1 1
1 10
2 6
6 9
8 5
5 9
8 1
5 2
9 5
10 4
9 4
3 6
2 8
2 7
3 9
5 6
1 8
4 8
1 3
8 9
7 8
3 4
7 8
10 7
2 9
1 7
1 2
4 8
10 6
8 10
10 7
2 4
10 6
9 4
6 6
4 7
2 4
5 6
2 1
1 10
4 10
4 2
8 9
7 8
1 3
7 2
1 3
9 6
8 2
7 9
6 7
8 9
2 7
9 4
6 7
2 2
10 7
5 1
2 7
10 5
4 8
4 9
7 10
8 5
6 6
2 2
4 1
1 3
8 6
5 5
2 5
1 9
7 2
6 4
2 7
7 9
5 3
7 9
1 8
7 3
9 7
3 1
9 6
7 7
2 4
3 1
8 7
10 5
3 3
9 5
5 10
7 2
1 2
9 3
1 2
2 10
9 1
4 9
6 7
10 9
8 10
3 9
1 1
1 3
7 1
4 5
1 10
6 7
6 7
4 3
1 1
4 8
6 4
1 8
5 3
7 10
8 3
8 2
8 4
2 8
8 4
2 10
5 3
8 7
3 1
8 7
5 10
8 7
4 7
8 6
9 4
1 3
4 1
6 7
3 2
8 7
7 6
10 10
5 5
9 9
6 6
1 7
2 7
7 5
3 4
5 2
7 9
5 7
1 5
3 1
5 8
1 1
3 9
5 9
8 3
10 10
7 7
3 1
7 2
7 1
3 8
10 10
4 10
5 1
1 3
8 10
3 6
2 9
3 7
10 3
5 10
2 3
5 6
7 6
1 10
4 2
8 10
9 4
8 9
7 6
6 1
4 2
2 7
4 10
8 6
3 7
4 9
8 9
6 1
4 10
10 8
2 3
10 9
7 6
4 5
9 3
1 3
10 3
2 6
9 10
1 2
8 3
3 4
1 7
2 4
4 10
9 4
7 7
7 6
6 7
10 5
8 2
10 5
18 11 90
17 13 63
19 12 80
10 16 59
16 17 55
12 12 99
16 15 95
19 19 83
17 11 85
12 11 67
17 14 60
16 18 55
18 14 64
14 10 78
11 11 51
10 15 68
15 17 87
20 11 90
13 12 56
12 19 69
16 14 82
17 10 84
10 10 77
18 14 87
11 10 54
10 16 77
10 13 61
16 10 100
15 14 93
14 16 61
13 11 83
11 15 75
16 20 77
11 19 54
15 16 54
18 10 98
20 12 82
19 15 51
17 17 51
19 10 97
14 20 74
16 16 55
10 19 92
12 16 59
15 14 55
18 12 57
16 12 66
15 20 72
17 19 68
16 10 99
15 13 97
14 11 59
17 17 98
12 16 68
18 11 74
19 14 50
12 12 86
12 19 74
11 12 86
17 13 98
13 12 92
18 20 54
20 15 64
14 10 78
11 11 68
11 20 77
14 14 64
13 20 67
16 19 96
18 11 96
19 18 73
20 15 77
18 17 51
20 10 62
16 15 80
12 12 60
17 17 79
20 18 97
11 18 92
15 18 63
13 20 76
17 12 85
19 10 56
18 18 95
12 20 83
13 12 88
11 18 54
14 18 98
15 19 93
18 13 54
17 19 85
10 20 56
12 10 52
11 19 81
13 12 87
15 13 82
11 10 66
12 16 77
20 15 74
10 11 63
16 18 73
18 12 62
20 20 63
17 16 50
11 20 51
18 16 69
16 17 87
10 16 64
10 18 89
11 14 84
11 16 69
17 10 55
10 13 59
20 20 69
10 12 92
12 19 52
13 10 54
19 16 100
14 14 55
20 20 62
18 10 54
14 20 70
13 15 91
10 20 89
14 10 54
13 10 75
18 17 66
11 17 91
14 20 85
10 11 65
14 18 85
18 17 56
18 12 90
13 12 79
20 11 72
10 10 67
10 15 60
10 16 88
17 19 91
10 11 56
16 13 60
18 15 90
16 13 91
18 15 68
16 11 65
17 17 93
18 20 63
11 15 73
18 18 64
10 16 63
14 19 89
15 10 86
16 16 79
15 10 82
12 14 67
16 13 86
15 10 58
16 17 77
17 20 57
10 15 100
16 18 70
18 11 84
11 15 53
13 10 97
14 17 62
17 19 64
19 12 68
15 18 72
11 17 72
18 13 100
20 15 77
13 12 87
18 15 85
14 20 95
14 18 84
12 12 85
17 15 87
16 10 74
14 12 97
13 18 87
17 12 57
19 11 63
14 10 50
17 13 88
10 13 52
20 16 97
17 18 100
14 11 69
14 14 75
15 17 58
15 14 55
17 10 98
16 10 56
11 13 97
11 16 54
20 15 98
14 10 57
20 18 63
10 11 91
16 18 60
12 14 72
13 20 56
14 20 53
10 19 63
17 20 52
10 10 72
19 18 73
12 11 66
15 19 64
11 18 71
12 17 57
17 16 64
13 13 96
18 19 79
14 15 54
14 14 86
14 18 73
16 13 94
20 11 93
19 14 77
11 12 79
11 19 63
10 14 71
17 10 59
14 12 53
12 10 81
12 10 83
17 17 69
20 17 61
18 13 90
20 12 63
10 19 84
10 18 53
16 13 99
17 10 66
16 11 51
13 16 73
12 19 78
15 10 50
18 16 64
13 19 96
17 14 97
10 17 90
14 18 92
14 13 55
13 14 93
11 13 68
10 12 92
13 17 89
16 14 89
12 11 95
17 19 78
19 15 100
20 19 75
12 11 95
19 16 64
10 16 72
10 14 67
14 19 88
12 16 93
13 14 55
20 17 64
19 12 53
10 18 75
13 18 88
20 11 56
17 18 72
11 12 67
15 20 74
11 10 77
18 15 99
20 13 90
19 14 91
12 15 98
11 18 89
13 14 84
18 20 73
14 10 95
10 20 92
10 18 92
11 13 80
13 20 73
18 20 73
16 16 58
10 16 69
13 17 62
10 16 83
14 16 52
11 13 58
11 16 72
14 12 99
20 13 83
20 13 76
17 12 59
16 11 66
19 12 86
12 11 53
16 13 85
20 12 84
15 10 56
14 10 72
11 15 59
10 14 52
10 15 53
15 19 95
10 12 89
15 14 66
12 17 65
18 15 72
20 20 84
15 11 96
19 20 81
14 12 56
17 13 78
16 15 93
15 10 68
11 19 80
13 13 89
18 11 87
17 10 51
16 12 61
12 12 67
14 13 62
10 13 64
18 16 73
14 15 95
10 16 75
14 18 74
18 13 72
11 15 58
10 17 99
14 11 86
10 13 76
16 10 79
20 20 56
13 16 59
16 17 97
16 15 94
11 20 93
20 13 89
10 11 96
11 19 78
20 17 96
19 13 50
13 14 50
18 12 77
14 15 60
13 14 57
16 14 98
11 15 69
18 19 69
19 19 85
14 12 83
13 15 81
16 10 73
19 18 68
18 12 86
12 10 97
17 19 69
10 10 64
17 11 66
13 14 88
12 19 69
16 12 94
13 18 51
17 17 83
20 18 76
14 10 59
17 12 69
15 19 62
12 17 71
18 17 97
13 12 79
15 10 73
20 11 84
10 12 86
18 15 91
10 13 59
16 11 63
13 15 70
13 14 59
13 14 60
12 18 59
16 16 82
11 14 87
18 12 53
13 10 58
20 11 98
15 19 93
13 18 63
12 17 77
14 14 85
20 19 71
15 18 74
12 11 57
18 19 89
17 18 53
19 10 96
13 15 62
17 16 56
13 10 78
11 19 50
13 20 95
12 12 78
14 11 100
12 16 93
16 11 73
16 14 71
16 20 77
16 18 66
13 16 67
19 18 86
20 20 97
19 11 76
16 15 98
10 15 91
17 15 97
11 17 53
13 12 87
18 19 57
16 15 93
15 11 87
11 14 78
19 16 74
20 12 100
11 13 79
15 12 85
17 17 79
10 20 56
11 14 59
14 13 57
11 16 83
17 10 82
10 14 75
16 13 83
15 14 81
12 12 71
14 11 50
18 12 70
15 13 53
14 14 59
16 17 99
13 17 83
13 14 100
18 20 77
13 18 70
11 16 80
19 13 70
13 10 95
10 10 65
15 20 97
11 13 52
17 17 68
11 20 77
15 15 89
11 19 75
10 16 76
11 16 57
10 15 76
12 19 89
19 11 77
20 13 59
18 19 72
14 14 73
11 17 80
14 17 68
10 18 52
11 10 100
17 12 58
14 14 63
10 16 72
14 13 66
13 10 86
10 20 91
11 13 98
15 13 74
20 11 92
20 17 80
13 14 56
10 12 72
17 15 60
15 14 68
19 20 64
11 16 96
20 10 96
11 17 83
11 13 79
14 13 89
10 11 62
17 16 92
11 11 91
14 17 92
20 13 80
13 19 99
17 11 94
17 15 50
18 19 88
20 18 92
10 16 89
17 16 55
17 13 75
14 12 65
12 20 72
10 19 73
16 18 62
12 11 63
12 10 60
11 18 54
17 13 68
15 13 69
11 12 75
14 20 70
10 11 87
14 11 61
14 10 84
14 13 56
12 11 90
18 19 77
15 14 90
20 14 70
10 11 83
13 18 58
12 12 61
13 12 80
12 12 72
20 12 99
14 20 92
10 11 75
18 10 93
18 14 67
16 13 85
19 17 88
16 13 90
19 17 93
12 16 78
12 17 88
11 18 69
11 15 70
14 16 81
12 17 77
20 11 63
12 16 87
12 18 56
14 18 84
19 12 85
19 14 94
10 17 88
11 11 66
19 13 100
16 15 79
16 19 75
11 10 98
16 11 95
10 16 72
11 12 63
13 20 94
20 16 76
18 19 75
16 12 85
12 15 91
17 16 86
19 18 77
19 19 75
12 17 85
10 10 52
10 19 58
16 17 81
20 17 82
19 14 96
18 19 60
12 11 67
17 13 60
15 19 74
10 13 85
15 11 66
15 12 51
19 13 60
13 19 66
11 16 99
10 10 72
19 15 64
18 20 51
20 16 83
20 18 71
12 14 65
10 12 98
18 12 74
10 20 67
17 11 77
19 10 89
10 17 94
17 20 60
10 18 71
20 14 53
12 15 71
13 20 80
16 13 90
12 18 85
17 15 50
13 18 89
20 18 67
15 16 54
14 15 82
18 16 65
12 16 98
12 18 66
12 13 76
19 15 90
12 14 83
13 16 68
10 18 62
20 14 71
18 13 74
17 11 97
17 13 70
13 12 62
11 20 97
15 17 77
19 20 51
16 17 86
20 16 79
13 12 65
14 18 97
14 13 72
16 14 56
10 10 81
14 14 54
10 20 73
18 12 57
16 18 63
20 16 69
11 14 84
19 20 55
18 18 97
16 11 88
10 18 58
19 11 84
16 10 73
10 10 76
15 13 51
12 14 57
13 17 58
20 10 86
10 14 64
11 14 82
15 14 59
11 13 87
12 16 86
19 10 64
18 11 62
12 18 70
20 10 85
19 18 66
20 12 64
13 17 85
15 10 90
14 10 53
15 18 69
20 14 61
12 12 73
19 11 97
17 14 54
17 19 68
15 10 50
10 11 100
15 19 56
13 17 97
11 10 72
20 14 92
10 14 70
20 20 52
20 18 76
19 14 85
11 10 66
19 20 73
17 13 94
10 14 70
20 18 56
16 11 64
16 14 68
11 14 68
19 14 96
14 17 84
16 17 86
20 17 68
20 18 76
20 15 95
15 18 71
14 18 68
14 17 53
14 13 53
12 16 55
10 13 57
15 13 67
20 13 99
19 18 61
11 12 100
13 18 77
14 16 100
15 11 82
10 14 87
17 12 53
19 15 90
13 11 91
16 11 93
19 18 92
16 11 89
10 18 53
16 13 72
15 15 78
16 10 87
10 20 78
17 13 69
15 12 79
10 15 64
13 20 82
13 16 85
15 13 89
19 10 59
15 19 84
10 10 64
19 11 61
19 18 59
12 14 56
17 16 85
16 19 99
15 14 51
10 16 68
14 10 74
11 20 86
14 13 96
15 11 79
16 20 56
15 20 67
16 12 91
18 14 59
18 16 79
20 14 77
18 20 62
13 13 98
19 12 92
18 19 72
17 15 63
14 16 86
19 13 76
17 13 52
14 13 52
13 15 62
15 14 84
15 14 70
10 15 60
13 11 75
18 10 57
13 11 62
11 13 97
20 10 80
18 15 87
17 20 94
20 10 70
16 18 92
17 13 56
20 10 63
10 16 89
11 20 52
14 13 63
13 13 92
12 12 97
11 13 86
10 18 54
15 10 100
10 18 89
16 19 60
10 16 87
20 12 62
12 17 57
19 10 88
19 19 62
16 10 93
17 11 82
12 16 78
11 19 74
14 13 88
17 20 94
13 12 54
14 10 86
13 16 92
19 20 65
14 17 88
13 17 86
18 16 78
14 19 54
19 17 88
15 13 87
15 14 88
15 13 87
12 16 96
11 13 94
17 12 93
13 16 94
18 15 76
15 13 58
14 17 69
11 11 81
20 12 72
13 16 79
19 12 78
19 10 66
18 18 51
11 11 94
17 13 81
16 18 64
17 20 91
18 14 91
10 12 73
11 16 70
19 15 78
17 11 91
13 17 84
18 11 93
19 19 92
10 17 99
13 18 95
17 11 93
20 13 92
11 17 97
11 18 97
14 16 96
18 18 50
16 17 62
15 15 79
10 20 56
12 16 67
11 16 75
20 12 78
13 18 100
13 13 65
10 15 96
16 19 67
16 17 56
18 18 91
18 17 92
13 12 69
19 19 52
16 19 58
14 16 62
10 10 68
20 17 96
10 18 66
17 14 60
13 12 63
10 14 96
14 16 62
18 16 82
10 15 96
17 15 63
12 17 98
18 10 88
20 18 76
14 20 72
12 14 57
13 19 53
17 12 87
14 10 97
19 10 86
13 19 73
10 15 82
12 20 63
13 15 99
13 12 60
20 20 59
12 13 93
12 13 91
10 19 96
16 14 70
15 10 85
17 20 61
12 20 95
10 13 69
19 14 84
11 14 53
14 11 50
14 19 61
13 13 93
13 12 69
13 11 61
17 19 89
17 17 56
19 15 53
17 10 70
18 19 70
12 10 54
13 17 85
10 11 67
18 20 83
10 19 72
20 19 95
12 20 84
17 20 93
18 15 97
14 20 60
19 17 61
11 19 56
18 18 80
19 18 61
20 14 78
14 13 90
19 13 59
18 18 61
12 19 66
10 14 72
20 13 93
13 12 85
16 18 92
20 19 79
18 11 95
16 17 53
15 10 52
14 17 52
11 18 73
15 18 97
11 12 78
17 10 86
19 10 83
13 16 90
10 11 81
15 15 53
13 19 91
11 11 60
16 18 57
20 16 81
13 16 70
14 19 69
11 19 79
11 19 60
14 15 65
19 14 67
14 15 97
11 17 67
16 13 79
13 16 68
15 18 85
17 12 51
19 10 55
14 17 58
13 14 76
10 19 94
16 15 74
15 16 93
14 11 62
17 14 81
13 19 53
15 18 87
17 16 67
10 16 95
13 19 89
12 17 57
17 16 96
10 16 78
20 20 62
16 11 86
12 11 58
12 14 57
20 16 55
20 15 81
11 15 89
17 11 70
10 20 92
10 13 51
17 10 59
16 14 73
15 20 55
19 15 89
16 10 85
10 17 77
19 14 81
13 19 66
20 10 87
16 13 68
17 10 99
13 16 53
18 18 51
18 20 86
12 19 60
18 12 88
10 10 83
19 15 68
12 11 91
10 12 60
17 18 70
18 13 81
14 11 88
13 19 91
14 12 82
19 20 66
20 10 90
15 13 75
15 13 96
18 17 69
20 15 67
15 13 55
12 13 71
12 19 81
16 17 82
17 13 92
19 19 78
15 13 51
15 15 89
16 13 66
16 18 57
15 17 62
15 19 63
12 18 61
20 14 54
10 18 71
17 20 96
13 16 67
17 11 51
20 11 65
15 19 71
11 13 79
11 15 56
14 19 98
20 19 97
10 20 64
20 14 80
19 15 93
13 20 89
17 20 92
13 16 80
20 20 100
16 15 52
11 12 91
20 13 93
13 20 90
14 15 85
11 20 64
15 16 57
14 12 50
19 17 92
16 17 70
20 13 57
10 17 68
19 18 96
14 10 95
17 11 77
13 13 58
11 15 94
19 12 92
11 10 81
14 15 90
18 10 58
17 12 64
15 15 53
20 11 80
10 16 87
11 20 75
11 17 60
19 16 64
19 15 80
18 14 79
11 20 85
11 18 67
14 14 74
18 11 55
15 12 60
14 11 76
10 17 86
11 19 70
11 18 97
13 16 70
13 14 83
13 20 59
19 15 71
16 12 85
13 12 55
17 17 55
12 18 51
14 11 79
20 16 62
10 13 99
19 10 76
14 16 60
19 17 81
14 18 92
16 12 80
19 13 61
14 12 55
11 10 52
15 16 98
15 15 85
19 20 59
18 19 72
12 11 73
17 18 68
10 11 64
17 15 93
16 13 52
15 18 61
11 15 77
12 11 68
10 17 62
20 14 51
16 18 50
17 17 76
15 11 61
10 20 80
10 18 51
20 10 63
19 18 55
13 15 59
19 13 85
10 15 71
14 13 77
19 13 100
12 10 61
17 19 73
16 11 56
10 12 99
11 17 87
15 11 62
12 18 97
18 16 67
11 20 97
15 10 58
11 19 65
18 10 71
10 17 96
15 11 64
19 14 50
16 14 62
19 18 58
10 17 86
19 13 82
12 13 59
18 13 61
10 15 84
15 16 99
11 10 52
13 11 72
17 14 76
10 20 81
10 17 96
19 20 62
13 11 89
19 18 60
14 15 62
11 10 95
14 19 92
16 16 76
10 14 54
13 13 62
15 16 70
19 17 67
19 18 95
10 19 51
15 10 72
14 19 81
20 14 95
13 17 74
13 10 89
10 18 91
18 19 81
20 16 84
13 14 92
10 18 73
16 10 97
15 20 76
14 12 69
17 10 86
17 18 69
10 14 94
19 17 70
15 20 61
12 10 80
16 18 62
11 14 90
20 12 72
18 13 69
11 17 75
17 12 92
16 16 88
12 18 94
18 12 96
11 18 72
12 20 92
16 12 94
10 19 69
18 19 100
20 16 52
20 16 55
10 11 95
12 13 57
17 18 64
14 16 84
13 11 79
19 14 77
20 10 60
19 16 81
11 15 92
17 15 86
10 20 58
17 17 76
20 11 64
18 20 91
13 12 95
14 10 85
14 12 74
13 13 67
11 19 91
10 14 77
15 20 88
19 12 87
14 12 86
11 19 98
18 20 88
15 12 60
12 10 93
17 15 83
16 14 77
18 17 70
12 14 97
17 11 75
14 12 100
12 12 88
19 13 54
13 17 63
12 20 76
15 15 100
16 12 66
15 15 68
11 13 88
12 16 75
20 18 59
10 15 92
16 19 71
12 18 50
13 14 57
14 15 78
17 20 52
10 12 81
19 10 72
17 10 63
16 13 90
19 16 79
19 17 83
10 19 83
17 18 52
20 13 54
14 16 59
10 16 88
12 17 77
10 12 76
17 12 76
10 14 98
18 15 97
19 14 100
15 15 67
15 13 58
14 17 54
10 10 70
18 19 96
13 17 65
19 13 84
20 13 75
10 19 97
16 16 61
11 20 70
14 17 64
16 20 52
19 14 83
14 19 67
20 13 51
20 15 77
11 20 84
12 16 65
14 11 51
16 20 89
18 12 93
19 12 73
15 14 98
20 19 89
17 12 74
17 14 90
17 18 85
10 16 97
13 16 85
19 13 65
15 14 88
18 15 79
19 13 71
14 12 93
12 15 91
14 10 94
20 16 62
14 13 81
15 18 56
13 17 89
20 12 79
16 12 72
20 19 84
19 15 76
13 17 93
19 10 68
20 20 93
12 14 87
19 19 68
18 12 67
17 10 94
17 17 70
15 18 71
16 10 90
11 13 65
14 11 73
10 12 89
13 13 58
17 11 53
16 14 53
15 13 78
13 20 62
14 15 57
15 11 100
14 13 92
18 11 91
12 14 87
13 14 57
17 17 67
13 18 64
10 19 95
15 16 88
19 13 52
17 20 95
17 12 89
12 13 58
11 17 87
20 18 67
20 14 93
12 13 73
15 11 82
14 13 81
18 11 76
14 13 50
10 15 78
19 17 77
19 16 64
12 16 50
17 19 57
16 13 65
12 19 97
12 19 70
10 20 57
10 14 83
14 13 60
10 15 53
16 17 62
13 18 72
17 16 50
17 10 60
16 11 75
16 16 54
10 19 99
14 12 60
11 20 97
20 16 51
12 17 59
12 17 74
13 16 65
13 17 98
15 17 94
10 20 87
13 18 68
20 13 83
19 13 65
14 19 95
16 19 94
12 19 53
10 19 65
12 15 70
17 18 88
14 10 81
15 14 86
20 18 52
19 18 77
18 18 66
20 17 81
17 18 81
10 14 78
12 20 89
17 17 93
16 17 98
17 20 59
11 10 59
17 11 69
11 17 84
11 15 69
13 18 82
11 12 95
17 16 62
17 18 100
16 11 60
10 15 87
14 18 91
12 13 97
18 16 56
12 14 63
15 18 63
13 16 88
15 12 50
12 15 86
13 20 74
11 17 86
19 11 92
18 20 76
12 18 94
19 20 96
12 14 68
17 10 68
11 20 94
20 14 65
18 14 68
10 18 88
12 12 56
12 15 97
11 18 70
11 11 79
20 14 69
12 17 61
18 14 79
17 10 77
11 14 70
11 17 95
18 12 91
17 13 82
13 15 88
10 17 63
17 10 74
12 13 98
11 13 66
20 20 95
14 19 76
19 15 60
10 14 78
14 19 63
10 15 63
11 20 70
12 13 55
10 17 89
17 19 97
16 12 72
17 19 83
18 11 64
17 20 70
11 14 87
15 14 73
15 18 69
16 10 57
10 15 89
17 12 97
18 13 77
16 11 91
13 12 51
10 19 60
15 20 90
20 11 51
11 20 53
16 15 62
20 13 78
17 20 73
13 20 88
19 13 56
17 11 75
12 10 82
18 16 87
18 16 85
11 14 70
15 19 68
14 20 100
10 19 84
18 11 100
15 10 76
19 11 54
15 15 94
12 12 81
19 20 97
18 19 88
11 20 87
20 16 51
15 18 75
16 20 74
13 18 80
17 18 88
20 17 57
13 10 50
10 17 92
20 17 56
10 19 59
13 19 88
18 16 76
17 19 70
10 13 72
15 12 66
17 13 73
19 20 83
11 11 94
17 11 81
20 19 88
13 18 67
10 12 81
12 15 85
18 20 76
20 12 71
15 11 69
14 20 51
17 18 82
15 16 86
16 20 57
18 15 76
12 16 97
19 12 68
16 20 84
17 13 54
14 17 99
13 15 85
11 15 89
12 17 95
20 12 60
12 13 99
19 15 58
20 17 66
18 13 66
20 20 82
12 19 50
10 14 81
19 16 57
14 16 94
15 17 92
15 17 64
18 10 90
16 18 59
18 20 88
12 15 83
18 12 94
18 20 89
12 20 89
14 13 72
12 18 86
12 11 56
14 18 59
10 13 93
10 10 76
10 20 53
18 17 90
16 16 62
10 14 86
15 11 66
11 10 71
10 17 80
17 10 78
12 18 65
17 15 73
19 10 58
16 10 60
12 18 57
14 17 97
16 18 68
15 20 95
11 11 54
13 18 63
12 12 54
14 13 53
15 16 69
18 18 51
10 10 70
14 15 81
18 17 93
18 16 63
11 17 68
17 10 53
16 17 53
18 17 92
17 11 92
19 11 88
10 12 61
16 12 96
16 15 82
15 11 51
14 10 62
12 20 54
17 14 78
14 18 74
16 16 83
11 16 50
11 17 54
11 14 79
11 20 99
16 12 78
12 11 63
15 17 61
10 12 93
14 15 59
10 15 64
14 12 59
13 18 67
10 13 81
20 12 67
17 16 71
10 11 78
12 15 84
16 10 60
12 18 88
16 14 68
18 11 51
10 13 78
19 10 75
10 14 69
15 19 68
11 19 79
19 18 83
10 15 58
13 19 72
18 19 60
19 20 99
19 17 88
20 20 57
16 16 87
10 14 76
19 13 70
11 11 89
16 17 52
14 16 88
19 17 70
14 14 65
17 17 52
12 12 84
20 17 56
20 13 94
16 15 91
15 17 70
18 19 72
13 11 99
13 19 96
20 12 92
10 10 91
19 16 70
20 11 77
19 19 79
13 18 63
20 18 51
18 12 81
10 11 93
15 15 58
17 14 71
20 14 88
19 20 66
11 16 50
14 11 50
19 14 100
10 14 98
15 16 76
15 10 57
18 20 99
10 11 76
13 18 54
12 14 51
10 20 54
12 20 75
10 17 84
12 16 74
11 20 62
18 19 56
16 13 86
14 14 73
16 12 70
17 13 50
14 19 99
18 18 67
18 17 54
13 12 75
15 20 62
20 17 97
13 17 75
19 11 92
15 15 58
16 15 55
11 10 89
15 20 52
20 12 85
14 18 57
19 19 73
19 12 50
18 16 82
19 12 94
20 13 100
19 13 67
13 12 69
12 18 71
18 18 75
10 11 67
11 12 58
16 16 55
20 11 83
19 13 60
13 15 86
18 18 77
11 11 72
15 10 85
16 18 56
20 10 62
14 11 65
19 16 94
16 12 80
10 13 96
19 11 62
11 17 85
16 11 81
11 18 84
11 11 93
12 16 73
19 18 98
20 14 96
19 14 81
11 16 84
13 17 79
16 16 96
15 10 87
10 15 57
19 10 88
13 15 65
16 15 97
15 16 98
13 20 82
20 19 56
18 10 63
20 14 56
17 11 100
17 14 78
12 16 89
17 18 90
12 11 65
12 14 99
13 19 92
15 11 95
12 20 82
14 18 83
10 17 80
14 16 93
16 17 88
12 10 79
17 18 87
12 16 72
14 19 58
14 10 51
19 18 88
18 13 94
15 16 96
16 17 84
11 15 73
18 20 64
11 13 74
20 12 83
18 18 95
10 11 50
16 18 71
17 19 77
12 18 73
19 10 92
20 12 56
17 13 92
15 13 81
20 19 74
19 11 50
17 10 88
12 15 84
13 10 62
12 12 82
14 18 78
12 12 59
19 20 95
10 14 66
19 12 52
16 18 50
12 10 85
16 18 72
16 13 60
14 12 64
14 12 63
17 10 99
15 11 81
11 16 85
10 13 57
10 18 73
16 15 92
18 13 93
10 20 77
13 19 55
11 13 78
20 18 88
14 11 68
19 15 78
10 17 53
15 18 57
20 11 90
14 16 82
12 19 69
15 15 65
18 11 53
18 17 73
11 20 74
20 11 98
20 17 74
16 19 93
11 12 50
20 11 76
20 16 84
20 19 62
12 20 71
20 17 74
12 10 93
19 20 62
15 20 91
12 16 78
11 15 59
17 16 74
15 14 66
13 10 70
12 12 99
14 20 78
11 20 97
14 20 50
13 10 73
14 12 91
15 19 55
16 12 72
17 10 80
15 16 55
20 17 84
19 12 98
19 12 73
13 11 89
20 15 74
17 18 69
15 15 80
13 10 53
12 11 67
17 17 94
18 19 59
13 12 53
10 20 80
19 19 87
18 19 90
18 15 90
11 18 78
12 20 85
13 18 53
17 16 98
10 12 76
19 17 73
15 11 65
15 17 55
11 20 60
19 20 76
17 17 95
13 14 88
11 12 66
15 10 89
19 18 96
17 11 82
19 16 78
18 12 54
10 15 61
17 15 83
11 13 89
17 12 58
10 18 71
12 16 74
12 17 95
17 10 68
12 13 76
12 18 84
12 20 89
15 13 100
16 15 92
20 14 51
13 10 72
12 19 81
18 19 60
17 17 91
15 14 50
17 18 75
17 10 74
14 12 51
11 18 54
19 19 97
14 20 96
16 12 88
16 14 99
17 19 61
10 16 63
19 15 57
19 19 95
19 20 90
11 13 79
13 15 88
11 15 94
12 20 93
13 15 76
14 16 52
20 10 75
16 13 95
20 10 76
19 12 90
11 17 72
16 16 97
14 14 61
18 16 87
14 19 55
11 11 73
19 18 50
12 17 88
10 11 60
18 12 75
17 12 85
12 17 70
20 13 54
13 13 92
18 14 52
12 11 60
12 13 87
19 14 60
18 20 66
14 12 86
20 12 88
19 12 90
18 11 95
16 18 77
19 10 98
16 10 56
20 18 92
11 19 67
12 10 80
20 11 53
10 18 76
18 18 75
11 11 79
14 17 100
15 15 91
14 20 73
14 16 98
19 20 55
18 13 90
17 13 66
12 16 70
19 18 62
15 16 77
10 14 73
12 10 94
12 15 83
16 15 87
18 11 86
12 11 86
13 15 65
14 13 68
12 12 88
20 15 83
14 11 94
20 16 52
14 11 79
15 11 94
10 14 82
20 17 94
12 18 96
14 11 76
16 17 90
12 16 91
14 18 52
17 17 51
19 12 65
17 11 57
14 10 96
16 11 82
20 17 64
15 20 94
18 17 83
14 10 54
12 14 90
20 14 62
20 13 72
17 16 92
11 14 82
10 18 86
20 18 63
13 12 65
14 16 56
17 20 76
18 11 55
15 16 87
15 20 74
15 18 100
17 18 71
19 19 93
18 12 67
