3000 3000
5 4
2 5
2 7
9 3
3 4
6 7
2 9
3 4
8 10
5 9
4 2
6 2
4 3
3 8
2 3
4 5
8 1
3 4
8 6
2 7
1 7
7 6
7 2
3 2
1 6
7 6
5 3
2 3
10 3
1 10
5 3
9 7
3 5
8 6
9 1
7 6
10 3
9 6
4 2
2 2
2 7
4 5
6 6
1 2
10 4
6 6
4 3
1 4
4 7
6 8
5 1
4 1
1 5
6 9
1 6
3 8
4 2
1 3
5 3
2 8
4 6
1 5
3 2
3 9
6 3
1 9
10 5
3 7
5 3
6 1
8 4
2 10
9 7
5 10
2 9
4 5
9 9
8 5
10 8
1 2
10 1
9 8
3 2
8 4
4 9
4 4
5 8
1 3
1 6
9 8
3 6
4 10
8 2
10 6
1 9
3 9
2 8
4 8
5 5
7 10
7 8
3 9
6 8
7 4
2 5
10 5
5 1
1 4
1 5
10 2
4 6
2 9
5 4
1 9
10 8
4 3
7 3
10 10
6 4
9 5
3 10
5 2
5 3
8 1
3 3
5 2
7 8
9 2
5 3
10 1
7 6
10 2
4 8
2 7
7 1
7 1
5 5
3 7
4 10
10 8
9 4
5 10
3 10
2 4
6 9
3 6
8 10
5 8
1 9
8 5
3 9
2 9
1 5
5 10
7 10
1 5
1 3
1 8
9 10
4 2
1 4
3 8
7 1
4 7
8 1
2 5
7 10
1 2
6 1
2 8
5 4
3 7
1 10
3 10
3 3
9 1
6 6
2 8
8 7
9 10
3 9
6 3
3 7
10 10
8 3
4 7
4 10
10 4
9 3
5 4
9 3
6 8
4 10
5 10
5 2
9 4
3 10
4 1
3 10
8 10
5 4
2 4
3 7
7 9
7 1
6 4
6 1
2 10
10 7
3 10
2 6
8 10
7 5
1 9
7 9
4 6
5 4
10 8
4 9
1 3
8 1
7 6
5 7
9 2
5 2
6 4
1 4
3 5
7 1
3 10
3 9
7 4
2 6
8 7
4 10
1 3
6 3
4 2
1 6
2 4
6 9
1 4
2 2
1 3
4 9
7 5
7 9
6 2
3 3
4 1
1 7
9 10
6 2
4 10
9 10
3 6
10 6
8 3
10 6
2 6
8 5
7 6
9 10
9 5
9 10
6 9
4 4
10 9
3 10
5 7
3 4
8 9
5 2
3 9
8 9
6 9
3 7
10 1
7 10
6 7
6 9
7 3
9 4
9 2
1 6
3 1
8 2
1 5
7 7
4 4
1 3
10 6
7 9
7 6
10 9
10 4
5 2
6 10
9 7
7 6
9 2
4 10
6 10
9 5
1 10
10 1
5 5
10 6
2 9
8 5
8 6
2 2
4 9
2 8
6 7
5 6
3 6
7 2
7 4
10 9
5 9
6 4
10 7
6 6
5 7
6 10
6 3
7 6
10 10
4 1
8 10
5 9
1 5
4 10
1 3
1 1
3 10
8 5
1 7
1 9
1 9
1 7
2 10
4 9
10 7
9 8
10 8
3 3
10 6
2 4
3 8
4 3
8 8
1 10
5 1
9 6
2 8
2 8
1 6
9 1
9 1
2 4
8 1
2 2
6 7
9 9
8 3
5 5
6 8
2 8
8 4
6 6
8 5
5 10
10 5
2 8
1 2
2 4
1 8
2 1
5 10
6 5
3 9
3 9
4 1
4 6
3 5
1 4
9 8
6 8
8 7
3 1
4 6
3 2
9 5
4 2
3 10
4 9
8 6
5 9
10 2
7 3
9 4
6 5
6 8
2 5
2 8
3 4
3 8
4 3
8 5
10 3
4 4
4 3
3 4
3 5
4 9
1 5
10 6
2 7
1 2
8 5
1 2
1 4
3 3
6 2
9 6
5 6
10 3
1 7
1 7
7 5
3 3
8 1
7 10
9 10
1 4
7 9
10 3
9 7
9 3
8 1
8 3
2 9
2 5
8 7
1 8
7 4
10 5
10 5
3 10
3 3
7 10
7 3
1 1
2 6
3 1
9 1
10 8
3 7
3 10
5 7
8 7
10 3
6 8
2 9
3 4
6 2
2 6
2 6
8 5
6 10
1 10
9 1
4 1
7 1
10 10
9 2
10 8
3 5
10 6
8 3
10 2
1 3
8 5
8 2
9 5
3 10
3 8
1 7
7 2
2 5
8 10
1 6
1 10
2 8
4 2
9 10
6 5
6 4
3 6
3 1
7 9
4 3
10 5
4 6
9 4
2 4
3 5
7 2
4 6
1 2
7 9
3 3
5 3
5 6
9 3
3 7
2 5
5 3
10 1
10 1
9 9
1 7
6 7
9 1
2 7
5 5
4 10
3 1
5 5
10 9
7 5
3 4
2 5
3 5
7 5
7 3
5 1
8 6
4 1
8 4
9 9
1 8
1 3
9 6
8 6
7 3
8 1
1 5
1 4
10 10
4 6
10 1
2 1
9 1
6 7
10 9
9 6
3 3
7 9
5 3
10 7
2 1
6 2
5 6
1 9
7 4
1 8
8 1
9 9
4 7
2 2
2 5
10 1
8 9
7 4
5 1
9 10
1 7
1 3
8 8
9 7
8 10
3 1
5 1
4 6
10 10
6 7
1 2
6 1
6 6
1 5
6 7
3 2
9 6
9 1
7 7
9 1
10 6
6 8
4 4
4 9
1 1
1 4
8 1
5 1
8 9
3 8
3 5
7 10
6 4
5 9
7 2
9 3
5 9
6 1
4 6
6 8
4 7
8 4
6 4
6 7
3 7
1 3
6 6
9 6
2 5
8 5
10 4
4 9
5 9
9 8
3 8
6 1
8 10
8 5
4 8
6 6
6 6
4 5
1 8
10 6
7 10
10 7
7 6
1 6
6 1
9 4
3 3
2 4
7 1
9 6
1 5
10 3
6 6
5 3
2 8
3 1
8 9
5 8
5 9
5 6
5 9
3 6
9 10
2 4
5 5
8 5
5 3
9 5
9 7
8 5
9 8
2 8
7 1
8 9
8 4
10 1
2 8
10 7
7 10
7 4
10 2
6 8
4 4
1 5
9 7
6 10
8 7
6 6
8 1
4 9
5 2
10 3
6 3
9 9
3 4
3 6
8 10
6 1
5 2
3 2
2 2
8 8
6 8
3 10
2 6
4 9
5 1
5 9
7 1
2 5
9 3
3 10
7 2
3 8
1 9
1 5
2 4
5 5
4 7
7 6
5 8
10 5
4 7
10 7
5 1
5 9
4 5
10 6
8 9
7 6
10 10
8 3
3 3
5 4
1 6
1 8
8 8
4 10
2 9
2 7
1 8
2 4
2 8
3 3
1 9
2 1
9 9
2 6
7 2
7 5
4 9
8 7
9 2
2 3
5 3
1 5
8 4
5 8
8 7
5 4
3 3
8 7
5 9
3 5
9 9
10 6
9 6
8 9
3 4
9 8
6 10
5 7
8 4
6 10
1 10
10 1
4 7
1 5
1 5
2 3
6 1
4 4
2 4
2 6
8 3
5 2
2 1
7 8
9 3
4 7
8 10
9 9
4 1
7 8
8 10
2 3
5 7
4 8
4 9
7 1
4 3
1 9
8 5
10 6
8 6
6 7
9 2
4 9
7 1
8 9
4 5
4 5
6 10
5 6
9 10
9 9
9 5
10 1
4 3
7 3
9 9
8 2
1 8
6 3
6 6
6 10
3 2
3 1
2 7
4 10
9 6
7 10
7 10
6 10
1 6
4 5
7 7
5 9
9 2
3 3
4 9
1 5
3 10
7 7
6 7
2 5
1 2
2 6
9 2
9 4
10 10
2 6
2 9
6 3
8 10
6 7
7 5
8 7
10 1
10 9
8 3
4 5
8 1
2 8
2 1
10 3
7 7
4 5
9 8
4 9
6 7
7 2
7 7
9 9
6 2
5 6
5 3
7 5
7 6
7 6
7 10
10 6
9 9
6 4
6 1
6 7
8 4
9 10
6 5
5 2
2 5
9 10
8 4
3 2
2 1
6 6
7 2
4 10
6 8
9 5
4 3
6 5
1 9
10 6
4 4
8 3
4 2
2 5
4 1
7 4
3 3
5 10
10 9
7 6
10 2
1 8
4 3
8 2
4 10
7 9
3 5
5 10
2 3
9 10
4 7
5 7
9 7
7 3
7 2
9 2
2 2
1 5
10 3
7 10
2 6
3 5
6 8
4 9
3 4
6 3
6 6
4 4
8 6
9 3
2 9
5 4
8 2
3 5
5 2
3 5
1 2
6 7
5 6
4 10
9 3
5 6
5 4
3 10
1 10
8 7
1 6
10 1
1 3
8 1
6 1
2 6
8 7
9 6
10 9
9 3
10 2
2 6
8 10
9 4
10 10
10 1
9 2
8 6
6 2
2 2
8 6
2 6
2 3
2 7
1 9
10 10
9 3
8 9
1 7
4 6
9 4
1 8
3 7
8 4
8 10
7 4
9 4
9 9
8 5
8 4
2 4
4 7
3 2
1 1
8 9
4 6
9 2
4 4
2 9
3 9
10 6
7 4
2 1
5 4
2 6
7 7
1 8
5 10
7 3
2 4
2 2
10 9
10 7
10 7
6 2
1 5
5 4
5 1
5 6
1 9
1 10
9 7
10 10
1 1
9 3
1 10
2 1
5 9
3 9
7 6
3 2
10 1
5 6
2 1
4 4
8 2
3 10
6 8
10 10
3 5
5 3
4 10
5 5
9 4
10 4
3 9
8 3
9 7
2 7
10 8
7 9
3 9
1 6
2 1
8 1
6 5
4 3
8 6
9 6
1 9
10 5
8 7
10 1
1 4
5 5
9 4
7 5
10 9
7 9
10 5
4 9
10 9
4 10
8 7
4 2
8 2
10 4
9 5
1 6
3 2
6 4
4 7
10 7
5 4
5 4
3 8
6 10
3 3
6 6
2 4
7 3
7 6
7 9
3 7
9 1
5 6
2 8
5 6
6 10
10 7
9 2
2 2
3 5
10 8
2 1
2 8
5 1
8 3
9 9
10 1
2 2
7 10
6 2
9 4
7 1
10 9
2 2
2 5
10 10
10 10
4 3
6 3
9 4
5 10
7 9
2 5
8 3
8 10
3 3
2 2
6 4
3 4
8 10
5 2
5 2
10 8
8 10
10 1
6 2
7 4
4 5
5 6
3 4
4 9
9 8
6 5
10 1
5 4
3 1
8 2
7 4
3 8
6 6
4 4
6 4
6 4
3 9
1 2
6 6
9 7
8 3
9 9
6 3
9 5
9 7
3 8
3 9
6 2
2 5
8 2
1 5
10 5
2 3
3 10
8 7
10 10
10 7
3 9
9 6
3 6
6 3
10 6
5 6
9 10
4 1
9 4
5 9
6 4
10 6
9 9
10 6
9 5
3 2
1 4
9 9
1 9
2 6
7 5
10 6
2 3
7 2
7 3
5 8
10 1
4 4
3 3
8 4
7 1
4 6
8 2
2 6
8 5
3 9
10 6
8 10
4 10
6 10
9 4
5 4
2 4
6 6
2 6
3 5
1 2
10 5
5 7
4 1
5 4
7 7
6 5
4 2
8 8
6 8
7 9
10 9
3 4
8 1
4 8
3 1
7 2
7 4
6 4
10 5
2 9
10 5
5 7
1 5
1 6
7 7
7 2
3 4
7 10
7 2
5 6
2 1
9 2
1 9
6 4
8 8
9 5
9 7
5 8
1 3
5 2
10 1
6 6
5 3
7 10
10 2
1 10
2 8
4 1
5 7
8 1
10 6
8 8
10 2
2 6
10 10
6 2
8 3
3 6
3 3
9 8
5 3
10 5
5 9
9 2
6 9
3 7
1 1
5 2
8 4
9 8
5 10
10 1
6 4
5 1
2 10
1 4
3 2
3 1
6 5
1 6
5 10
7 1
8 9
8 8
4 2
10 6
2 3
9 8
10 9
2 6
10 4
2 2
8 2
10 2
5 2
4 4
2 4
10 6
8 6
10 10
1 5
8 1
4 4
3 2
9 5
5 4
8 5
3 5
6 3
3 9
5 10
1 9
2 7
1 7
2 1
10 8
1 9
5 3
3 8
4 6
10 8
8 10
5 10
8 8
4 1
6 3
5 10
9 1
8 2
4 3
5 10
2 2
3 8
6 2
2 8
2 2
4 9
9 8
5 5
2 10
9 3
4 1
5 4
1 6
3 2
8 4
10 7
3 7
1 1
7 8
10 2
10 3
8 5
1 4
6 6
8 3
9 10
5 3
2 8
10 5
8 9
10 9
6 5
7 2
3 9
8 2
5 6
1 10
10 5
3 6
1 3
5 7
5 5
9 4
8 3
4 7
9 10
4 3
7 2
7 1
8 9
8 9
3 7
10 3
5 10
2 2
1 9
7 1
3 3
1 2
10 2
7 6
6 2
6 1
9 8
6 1
1 10
1 5
10 8
10 10
7 6
7 1
2 7
8 10
7 4
4 5
4 6
2 8
2 2
6 5
10 1
3 6
10 5
9 4
3 4
6 10
4 9
2 7
7 4
2 3
3 5
1 2
1 1
2 7
10 1
1 9
7 5
6 9
3 1
6 9
2 10
8 2
8 3
4 6
5 8
9 1
7 10
4 8
4 10
6 4
9 4
3 10
7 7
4 10
4 4
2 7
2 9
1 10
7 1
5 4
9 8
3 6
8 5
7 5
7 1
7 2
5 5
7 8
3 1
3 1
4 7
7 8
1 7
4 9
6 9
6 10
8 4
4 9
3 9
1 1
9 1
7 9
4 7
4 9
4 7
6 6
7 2
7 3
3 7
4 8
6 7
9 6
10 10
3 7
8 10
1 7
4 4
4 1
2 7
5 6
2 4
5 1
2 8
5 1
5 4
1 8
4 10
5 6
3 3
9 5
1 2
3 6
6 9
3 3
2 3
9 8
9 4
1 4
5 6
4 7
7 10
5 8
3 3
6 8
5 7
7 8
8 3
6 5
9 5
6 8
10 9
1 1
8 2
2 6
3 5
1 9
4 10
4 10
8 1
5 10
6 3
3 1
7 2
2 6
1 4
5 1
8 6
9 3
10 6
9 7
10 9
7 7
2 7
8 4
9 6
3 1
3 5
6 2
3 10
2 6
2 8
8 5
5 5
1 6
1 9
6 4
8 7
3 4
5 3
10 5
3 4
6 2
5 8
5 1
8 5
3 4
6 8
6 2
10 1
4 7
7 7
6 2
2 3
1 3
2 5
3 6
7 8
10 10
8 7
6 7
5 10
1 7
6 7
10 5
8 7
5 3
7 1
2 6
3 2
4 2
9 1
8 9
4 1
7 1
7 10
5 7
3 8
9 5
4 1
9 9
8 6
3 1
1 5
10 10
2 8
2 5
10 1
3 10
10 2
1 1
9 1
2 2
10 8
6 7
2 2
2 2
5 8
3 2
8 2
5 3
1 6
2 3
10 6
7 8
1 3
5 9
8 6
4 5
4 5
6 5
5 1
3 9
7 10
7 3
3 10
4 5
6 8
10 1
6 9
3 8
4 6
9 2
8 3
9 10
7 2
1 5
7 5
10 5
7 7
4 9
7 9
8 6
3 3
2 1
10 9
7 9
7 5
8 10
9 10
5 6
4 7
9 2
5 7
2 7
8 6
10 7
10 9
3 8
3 9
5 4
3 4
7 10
9 7
4 8
1 8
3 9
9 1
8 5
5 8
2 5
10 9
10 3
6 1
9 8
9 6
3 2
1 2
1 2
4 4
6 7
6 9
2 5
5 5
2 9
8 1
9 5
2 8
8 10
7 5
10 4
10 4
9 8
6 7
7 4
4 4
10 6
9 3
10 8
4 2
1 8
8 6
2 8
7 8
2 6
8 6
1 2
8 4
9 9
2 4
4 4
1 4
7 7
7 10
3 4
2 9
7 3
7 9
2 6
1 2
2 7
10 1
10 5
3 5
3 4
9 6
8 6
8 8
1 9
10 8
4 8
9 8
9 3
8 4
9 8
6 7
4 7
8 9
6 7
9 8
6 2
9 10
7 5
9 3
6 4
1 4
7 4
10 1
3 4
5 1
1 2
4 9
7 10
10 1
1 4
6 4
6 6
6 6
7 1
2 8
2 10
5 6
7 9
8 8
8 2
1 5
3 3
10 2
4 9
9 10
8 4
2 3
1 6
8 7
9 4
6 8
3 4
3 9
7 2
9 8
8 6
8 9
1 3
3 5
5 9
8 6
8 3
4 6
9 6
5 5
4 8
7 6
8 9
3 1
3 7
6 10
3 8
9 4
2 10
2 8
8 4
3 4
2 4
6 1
7 9
6 1
2 5
5 6
4 8
9 9
3 10
4 6
10 5
10 8
2 10
6 6
8 8
5 4
8 2
5 1
8 1
5 1
2 8
9 5
9 3
5 2
4 5
4 3
2 3
5 2
10 6
6 7
8 3
2 7
3 8
4 4
9 4
8 7
1 9
10 2
2 4
10 6
10 9
8 4
7 5
6 5
8 7
1 5
2 6
3 4
5 1
2 6
4 1
1 2
10 9
7 3
10 2
5 5
3 10
1 6
4 3
3 8
8 6
5 4
5 5
1 6
10 9
8 5
8 3
6 1
1 5
5 4
9 9
7 3
9 9
8 8
7 10
10 1
6 2
6 1
2 10
6 7
2 7
8 10
7 7
4 3
4 9
2 2
3 3
6 6
2 9
6 7
8 10
9 9
3 7
1 4
9 9
8 10
10 6
3 4
10 10
6 3
4 5
4 10
7 2
8 9
2 10
10 1
8 3
10 4
5 3
5 9
4 8
7 5
6 4
7 4
10 2
1 9
4 9
8 7
2 7
5 6
9 1
8 1
9 5
1 1
3 2
6 8
10 7
2 4
1 7
3 8
8 9
6 5
4 1
3 4
4 6
7 3
10 1
6 5
5 4
10 6
7 9
4 4
1 1
9 1
1 7
4 5
1 4
6 5
3 2
10 8
5 5
8 7
9 5
3 10
7 2
3 3
7 9
8 4
4 2
10 8
4 7
7 4
5 9
6 10
2 2
10 4
10 1
3 9
2 10
10 8
6 10
1 7
2 9
5 5
6 3
8 6
4 8
8 2
2 5
1 4
5 8
3 9
4 1
8 9
1 8
10 10
7 4
6 7
10 3
2 2
5 7
1 2
2 8
9 6
1 3
6 2
6 4
1 8
9 9
3 3
5 4
4 6
5 5
6 5
6 9
8 8
7 5
6 10
1 3
2 8
3 5
8 5
3 1
1 7
7 5
8 9
4 8
4 8
8 9
1 5
1 10
1 10
6 8
7 10
5 5
3 6
4 10
2 6
4 5
3 9
6 5
3 3
6 2
3 4
1 4
10 3
8 7
9 10
3 9
4 2
1 4
2 6
1 9
8 2
9 1
8 9
6 3
1 10
3 1
2 8
5 1
7 6
3 3
2 7
1 3
8 8
2 4
1 5
5 5
2 10
6 4
6 2
7 5
1 2
6 6
5 6
8 3
4 5
3 8
6 1
5 3
2 8
1 9
7 9
6 1
4 3
4 6
2 4
10 8
1 3
5 2
1 9
5 10
7 6
6 8
6 9
5 5
5 5
4 7
8 3
7 7
3 7
8 6
5 1
9 3
6 9
9 3
4 7
2 6
6 7
5 9
6 4
6 3
7 3
8 7
5 5
2 1
1 3
7 2
5 2
1 1
9 6
3 3
6 8
3 9
10 6
10 1
1 1
10 8
9 4
1 9
2 3
8 1
8 6
2 7
4 1
5 8
4 7
6 3
2 1
6 4
3 5
7 6
5 3
1 3
3 9
4 6
3 9
9 8
5 3
6 4
8 8
1 7
1 2
1 7
10 7
5 2
5 3
7 2
9 5
8 3
6 1
4 1
3 4
2 7
9 2
8 9
5 6
10 6
3 3
4 6
4 6
3 4
1 9
6 9
7 9
3 1
5 1
7 8
6 7
3 8
10 7
9 3
6 5
9 3
5 9
7 4
3 8
5 10
6 5
3 8
1 5
7 6
6 10
5 6
3 8
8 5
4 7
9 7
3 8
9 1
5 5
1 4
6 5
3 5
3 9
6 10
4 7
9 5
5 8
6 7
1 5
6 7
10 7
6 7
2 2
1 10
10 7
2 2
7 5
6 10
1 7
5 3
5 9
6 10
10 2
5 8
2 5
2 6
9 9
4 3
3 9
8 2
5 9
4 4
6 2
7 1
8 5
1 7
6 2
3 7
1 2
7 8
2 1
10 1
3 3
5 3
8 5
1 4
7 7
3 6
8 7
5 6
5 3
4 10
4 6
4 3
2 4
1 5
3 7
8 5
9 2
6 3
7 7
5 6
10 10
6 8
6 4
5 7
3 7
4 8
5 6
2 7
5 7
2 6
4 7
3 5
3 2
9 7
6 1
10 8
9 5
7 1
6 6
5 1
8 2
6 2
7 2
1 6
5 1
1 7
6 7
1 1
5 3
1 2
5 2
4 2
1 3
2 3
3 5
9 7
6 3
1 1
10 8
7 10
7 2
7 1
3 2
6 8
6 10
8 1
7 4
10 4
8 3
5 5
2 8
1 1
9 10
3 3
6 2
3 7
5 5
8 10
8 6
10 10
7 8
4 10
1 3
10 5
6 9
4 7
3 10
3 1
4 1
5 4
5 6
5 7
2 8
3 10
5 6
9 7
4 3
8 8
10 7
5 7
4 10
7 1
6 1
9 8
8 7
8 10
10 8
3 6
5 9
9 4
8 9
5 4
9 4
3 8
8 9
2 8
10 6
6 5
2 7
9 3
9 6
6 9
10 4
3 6
1 7
9 7
6 2
2 3
3 2
3 1
1 3
2 4
3 3
8 4
6 9
6 8
7 1
5 4
9 5
9 7
6 4
6 3
5 6
8 3
1 5
4 3
4 1
5 6
5 3
3 7
4 9
7 5
7 4
7 5
1 10
2 2
7 7
3 2
10 8
8 4
2 1
5 6
6 9
4 3
6 2
9 4
1 2
3 10
3 1
7 1
5 7
8 2
4 10
5 1
5 3
10 5
1 9
9 4
8 8
7 5
6 3
4 3
5 9
6 6
4 10
2 4
7 5
5 9
4 9
8 5
10 7
9 4
5 1
9 3
6 10
2 6
6 3
3 5
4 9
8 9
1 4
8 4
6 1
6 3
5 4
6 10
5 9
8 5
6 6
10 8
1 1
4 4
6 5
8 8
10 8
9 9
1 3
10 2
7 7
8 5
3 2
8 7
5 6
3 4
6 4
6 5
5 10
9 5
5 1
2 10
8 1
8 9
2 9
6 4
8 9
6 4
3 1
8 7
6 2
9 3
1 9
5 10
6 2
3 5
3 10
2 2
2 5
6 3
6 6
8 5
3 9
8 2
8 4
8 8
4 9
1 9
10 8
6 5
5 10
10 7
5 8
8 1
4 1
1 7
3 7
1 7
3 2
5 10
10 9
9 7
1 6
4 2
7 4
3 2
5 1
4 3
6 1
2 2
10 7
10 8
3 7
7 4
9 5
4 3
3 3
2 9
8 5
3 9
3 2
6 1
6 5
9 1
5 9
8 8
1 10
10 6
1 2
5 10
3 4
5 9
9 6
5 8
5 4
5 9
8 10
10 9
8 3
1 8
3 3
2 8
2 9
2 1
7 2
4 2
6 3
7 4
10 8
8 3
10 1
6 6
8 9
9 2
6 1
5 8
9 3
4 5
10 10
1 3
5 4
9 3
9 2
3 4
4 3
2 7
2 6
4 8
6 9
10 6
8 6
6 3
3 6
1 3
3 3
7 4
7 9
4 10
9 2
4 10
1 5
2 4
9 10
3 10
5 3
3 8
7 7
4 4
10 2
7 5
2 9
2 4
10 4
2 9
10 2
4 10
1 9
3 7
2 6
2 1
5 5
4 10
5 3
1 8
10 8
7 8
2 8
3 2
9 5
6 6
3 4
8 8
4 6
4 2
1 7
10 2
9 8
6 6
5 10
2 6
8 1
6 1
1 10
7 3
9 4
3 2
7 1
8 3
7 9
10 2
9 1
2 7
2 7
7 9
10 1
4 9
3 5
7 3
3 1
5 3
3 7
9 4
2 3
5 5
10 3
9 9
3 5
2 4
5 5
6 5
1 2
6 4
8 1
1 3
10 7
10 1
8 4
1 7
4 8
1 7
5 9
8 3
9 3
10 8
2 8
7 9
4 9
5 8
10 6
8 8
9 2
10 3
5 8
6 8
5 5
4 6
9 6
10 2
9 10
8 2
10 7
9 1
9 8
8 7
1 8
1 3
1 2
4 7
1 4
8 10
6 6
7 1
2 10
9 5
10 5
9 3
10 8
4 4
10 1
5 1
5 3
3 3
6 1
5 2
6 7
1 6
4 2
2 4
4 8
3 9
1 7
5 9
2 8
2 3
9 7
8 1
4 5
2 6
10 3
7 5
3 10
2 10
6 10
3 6
2 1
4 1
8 9
10 10
6 1
9 1
8 10
10 5
9 8
2 5
6 4
6 9
1 3
7 7
9 3
5 4
10 3
5 2
3 2
5 6
2 1
10 3
10 3
2 2
9 9
2 5
4 7
4 2
2 6
10 6
1 10
4 3
7 2
6 2
1 6
2 5
10 9
8 10
9 7
4 4
5 6
7 5
5 3
5 7
4 2
9 6
8 7
1 9
1 9
1 1
8 7
1 1
3 10
7 6
1 9
5 2
3 2
9 4
3 7
4 9
5 8
5 1
3 10
3 7
10 4
8 5
3 5
1 2
4 7
1 4
7 9
5 5
5 9
9 7
4 8
5 9
10 7
2 9
9 3
10 9
1 2
1 4
6 1
10 3
2 7
9 1
8 7
5 2
7 8
8 3
9 2
9 10
3 6
9 8
8 3
9 4
4 3
1 5
4 2
10 4
9 6
2 3
1 4
6 4
8 3
1 10
10 4
6 1
2 4
2 10
7 4
6 8
1 9
8 3
5 2
3 8
8 4
9 5
8 6
4 6
10 8
5 4
10 6
8 4
2 9
7 1
10 8
1 1
7 4
4 8
10 6
9 1
5 3
1 3
8 7
4 6
2 1
10 7
9 10
3 8
4 5
3 5
2 7
9 8
9 5
8 5
7 6
1 4
5 7
8 7
7 5
5 7
2 7
2 7
2 7
1 4
6 6
2 10
4 4
9 9
9 3
10 6
3 9
6 9
5 1
1 3
7 1
2 7
2 10
4 8
4 6
2 1
2 10
6 6
3 8
6 9
1 4
6 5
6 9
8 9
5 3
9 8
10 2
9 10
1 1
2 3
6 3
9 6
5 3
6 2
1 8
6 7
10 3
7 3
1 6
1 2
7 3
2 2
4 9
9 10
8 5
6 3
6 6
7 1
1 8
5 7
3 6
10 10
7 4
1 6
1 7
10 4
1 9
9 5
2 3
10 4
2 4
5 3
4 7
2 6
1 1
3 6
9 10
1 6
1 3
11 12 77
16 14 71
18 10 99
13 15 77
19 16 86
13 19 54
14 14 94
10 11 78
15 20 92
15 20 91
15 12 83
12 20 51
18 17 78
17 17 67
13 13 77
14 12 85
20 20 59
15 15 94
11 11 84
18 13 65
19 19 97
14 15 76
12 17 88
11 18 87
12 12 53
18 14 54
18 12 78
11 13 53
13 12 94
18 10 85
16 14 72
14 20 92
17 10 75
11 17 99
14 12 98
13 10 61
15 20 55
13 12 71
15 12 65
14 12 56
15 17 100
14 18 62
19 12 90
16 17 76
11 15 75
14 15 93
15 19 99
20 17 93
12 16 55
14 16 75
13 10 96
19 15 81
14 19 76
13 13 78
20 17 59
11 15 99
18 17 84
14 12 69
10 13 75
14 20 55
11 17 86
17 17 69
14 19 50
12 16 69
17 13 66
16 18 57
15 17 68
10 12 79
19 11 62
20 20 57
15 18 74
16 13 93
16 17 57
11 17 100
15 19 75
14 17 53
17 19 90
12 18 76
18 13 98
19 19 78
11 11 86
10 12 86
12 16 78
11 14 97
18 19 66
15 13 84
19 17 96
14 20 50
20 19 76
11 20 87
16 10 55
12 18 91
14 14 86
16 11 59
11 16 96
19 13 86
11 13 71
14 16 73
16 20 88
18 13 79
16 10 84
17 14 76
11 14 80
13 11 65
20 16 69
20 18 75
15 14 99
19 10 98
14 10 51
10 16 99
20 13 90
15 19 73
11 20 71
11 18 57
12 19 88
15 20 64
17 10 66
11 10 61
13 15 93
17 14 57
11 10 97
20 18 85
16 17 77
17 14 81
15 13 67
18 20 86
10 19 88
18 14 85
14 13 74
12 14 66
20 13 73
13 11 61
18 11 87
11 12 88
15 14 88
12 18 77
11 17 96
11 15 53
13 17 59
10 17 76
11 18 75
12 10 97
20 16 50
11 17 53
14 10 83
18 14 98
14 19 96
11 13 71
11 11 57
11 13 97
15 10 92
13 13 89
12 19 66
20 12 93
10 17 97
12 10 60
19 20 91
19 13 52
17 18 94
18 19 78
19 11 90
10 18 74
17 20 94
11 18 82
20 16 98
19 12 75
15 18 60
20 16 83
19 17 99
20 12 54
12 19 50
12 11 92
20 11 56
16 15 57
10 13 92
11 15 81
18 12 95
20 13 55
10 15 95
15 17 95
11 15 55
17 14 98
20 15 57
18 12 59
11 14 75
12 15 63
16 15 54
11 20 68
17 17 56
11 15 55
18 12 67
12 10 96
18 10 91
19 14 67
13 18 76
12 11 75
19 20 86
17 18 93
15 17 57
17 17 66
16 18 100
10 17 82
20 15 66
12 19 58
15 14 82
18 12 85
13 10 72
19 13 68
11 10 69
12 19 80
10 19 91
10 16 72
16 10 86
13 20 99
15 17 89
19 20 87
19 20 52
13 12 59
17 12 83
10 19 100
14 14 60
12 10 62
17 17 81
16 16 51
20 11 82
18 13 84
12 12 61
20 18 51
17 17 86
10 20 55
14 12 87
16 14 72
14 13 83
11 10 81
17 19 53
15 19 61
19 20 58
19 11 92
15 13 95
17 10 75
19 19 65
20 15 75
18 13 83
16 14 53
17 16 73
10 20 61
15 11 86
16 16 77
10 15 59
10 14 55
13 10 66
20 18 99
19 11 72
19 17 50
16 19 95
17 13 72
13 20 75
19 14 94
20 18 66
10 10 91
14 19 58
16 17 50
12 20 96
12 10 68
20 10 59
19 18 57
13 12 97
14 20 63
13 11 95
18 11 65
15 10 90
13 14 50
19 12 52
17 13 63
15 13 93
13 18 86
12 10 82
18 12 64
17 14 89
16 15 82
19 11 73
12 14 67
17 19 50
19 11 89
12 15 64
18 19 99
10 15 60
16 10 62
19 14 61
13 16 76
20 20 67
11 17 82
20 18 89
10 19 61
19 17 69
20 12 89
19 18 81
14 20 75
19 11 73
10 10 71
20 14 65
18 20 63
12 10 59
11 14 98
13 20 81
18 20 91
13 11 65
12 17 51
11 18 72
12 11 95
20 20 81
20 12 96
19 14 85
15 17 89
13 12 98
10 18 99
20 14 70
16 18 94
19 17 60
20 18 86
14 17 63
11 16 93
20 18 87
15 11 68
17 10 51
13 18 77
17 17 56
16 10 80
19 13 81
10 19 83
17 15 50
14 17 94
20 19 89
16 15 91
14 17 82
13 17 98
18 17 53
20 12 53
15 18 83
19 16 100
11 18 81
16 14 70
16 14 95
15 12 71
10 20 50
20 13 99
14 17 69
17 16 97
12 15 54
11 19 69
17 10 72
11 16 66
10 19 57
11 18 56
18 16 96
16 18 99
11 13 75
17 18 61
17 14 81
16 17 54
13 15 80
10 15 63
18 18 89
17 10 91
15 16 74
14 11 76
19 19 74
10 10 82
19 10 87
20 14 91
15 13 65
10 15 58
10 13 51
15 10 58
19 15 91
12 10 58
18 16 69
17 19 85
12 20 81
12 10 57
18 14 70
19 12 79
18 12 82
10 15 98
14 11 81
11 14 68
17 15 87
13 12 98
13 18 74
13 18 52
20 19 81
13 10 54
18 16 76
17 11 55
12 19 72
16 17 52
20 17 69
19 18 66
15 13 50
14 11 95
16 18 79
15 16 86
15 10 71
18 18 83
10 14 96
17 16 87
17 11 77
18 12 55
11 15 70
14 15 69
19 15 99
16 16 89
19 14 91
18 14 56
15 17 65
11 13 72
10 11 65
20 11 50
12 17 98
14 18 62
14 15 57
18 16 95
11 15 87
10 20 90
19 15 72
11 12 92
16 10 64
11 10 85
13 14 89
14 13 93
14 14 65
15 10 95
12 17 53
20 12 58
14 17 100
11 10 55
10 20 100
20 15 56
15 12 80
13 11 67
19 12 94
19 16 98
17 15 81
10 18 88
13 11 60
17 16 79
11 19 88
13 17 78
14 12 74
15 16 64
15 11 73
19 11 50
18 17 82
11 20 53
13 12 98
17 18 86
10 15 51
11 18 68
20 12 85
16 17 58
11 19 70
20 15 98
12 15 86
20 11 66
10 20 57
20 15 96
19 20 70
13 20 73
16 13 80
11 15 69
18 14 61
14 13 67
12 14 98
10 10 53
19 18 56
18 18 94
10 19 77
18 13 89
16 13 56
19 20 83
13 10 100
19 17 60
18 19 64
13 18 99
13 17 86
17 10 84
14 11 92
12 14 84
14 18 85
10 19 96
18 11 79
12 13 68
14 19 61
19 18 59
17 16 71
19 11 73
13 14 85
18 20 73
10 17 67
19 19 87
17 14 97
19 18 68
18 12 80
17 17 80
14 14 75
20 14 90
19 19 67
15 16 86
17 12 81
16 11 79
18 13 95
15 16 92
13 20 85
11 19 61
11 20 70
18 11 87
14 16 51
18 19 89
16 14 72
14 11 78
19 18 94
19 10 55
18 12 83
15 16 82
13 14 64
18 19 80
13 18 81
20 18 88
18 20 72
19 11 84
17 16 79
13 18 81
18 15 75
19 13 61
11 13 92
18 20 89
15 10 62
11 17 94
15 14 93
18 15 69
17 15 78
19 12 65
20 15 74
14 18 62
15 13 63
15 19 98
16 10 76
11 17 96
10 13 78
16 20 54
15 17 81
20 19 90
10 18 72
11 11 59
10 13 61
15 19 51
12 13 64
19 20 59
12 18 94
10 11 95
11 15 85
16 13 98
10 18 51
18 10 58
16 10 68
14 10 52
14 15 96
18 20 89
19 13 62
11 12 71
11 16 59
15 18 64
17 19 55
19 11 98
13 11 85
15 20 66
11 10 75
15 17 74
16 15 61
16 12 64
19 20 55
13 17 89
18 10 97
15 12 100
12 18 78
20 16 86
10 12 84
17 19 50
16 17 61
15 10 66
17 19 100
18 17 76
19 18 73
11 13 81
16 14 54
15 10 58
11 12 75
12 14 53
15 13 81
16 11 82
20 11 89
18 20 85
11 15 88
11 11 99
17 13 52
16 19 74
13 15 61
13 18 87
14 12 55
11 12 75
10 19 81
12 12 55
12 11 85
14 12 100
13 19 85
13 18 68
12 10 56
20 12 58
11 11 60
11 17 52
20 10 67
18 19 57
10 13 71
20 12 79
16 15 57
10 19 70
12 16 72
17 18 85
17 16 67
15 19 80
18 12 84
14 18 99
18 15 51
11 13 63
15 14 52
11 13 70
18 15 82
14 10 57
12 17 50
14 14 79
18 12 92
11 13 53
17 12 71
10 12 93
16 11 70
13 18 60
12 12 84
16 15 74
11 14 50
18 14 88
20 12 91
10 10 76
19 11 60
13 17 78
16 15 99
18 16 69
11 18 77
15 14 98
20 17 91
16 18 78
11 19 85
18 18 97
11 10 93
13 13 85
14 11 54
19 20 52
19 15 66
14 14 88
16 15 70
12 11 70
11 14 94
18 20 98
20 12 70
20 16 66
10 10 91
13 15 96
17 10 65
17 13 66
17 18 50
15 19 63
18 20 50
11 10 90
20 13 61
14 17 74
13 17 62
19 11 66
20 20 91
18 14 61
17 13 73
14 18 90
15 11 97
16 10 73
19 20 100
13 11 58
11 17 96
17 20 61
11 12 94
12 10 58
17 13 77
10 20 64
16 10 93
13 12 50
17 19 59
13 17 67
11 19 71
14 14 53
19 18 86
17 16 52
18 14 65
16 10 83
11 16 85
13 17 62
14 17 56
15 13 85
16 10 86
14 10 59
20 10 54
16 13 58
11 17 64
17 11 70
17 10 54
16 17 59
20 18 53
13 16 85
11 10 53
13 15 51
14 10 67
12 18 69
18 15 86
14 17 84
16 19 80
10 16 59
13 16 62
19 11 94
10 15 55
20 15 95
13 16 94
18 10 100
11 12 67
18 10 64
19 12 87
14 10 72
10 13 72
13 17 92
18 15 93
18 13 89
20 18 71
17 17 63
10 10 65
13 15 53
18 13 74
13 12 60
16 12 77
15 15 100
16 16 63
14 10 69
14 20 76
19 19 99
15 12 66
12 15 97
18 19 96
19 13 71
18 16 95
10 20 73
18 19 90
20 13 91
12 13 80
20 15 72
12 20 55
20 14 70
15 12 87
20 14 73
13 11 75
16 14 50
17 13 66
19 15 75
13 15 59
20 10 99
18 11 70
10 15 56
20 14 81
17 10 98
12 12 86
16 15 86
14 18 93
12 14 55
17 18 71
16 16 77
11 20 82
15 16 92
19 20 77
10 15 80
19 17 90
10 10 93
10 19 96
20 20 66
15 18 57
18 18 51
12 11 83
14 13 55
15 14 88
14 10 65
14 13 84
11 18 82
13 14 80
16 16 97
20 16 56
17 14 58
20 15 98
17 15 58
12 18 80
16 10 79
20 20 65
10 16 74
17 18 61
17 20 58
10 10 63
16 15 51
10 17 73
13 13 70
10 15 99
12 13 91
16 17 96
16 20 72
16 12 50
11 15 58
16 13 96
10 13 77
19 11 56
17 13 82
20 19 83
10 15 92
16 10 63
10 11 68
14 18 78
15 15 63
18 10 66
18 20 89
11 11 57
15 19 98
15 11 53
19 18 99
12 18 76
14 16 67
11 13 75
20 17 94
18 12 89
18 14 99
11 17 56
14 16 68
14 11 93
14 18 71
16 10 94
10 13 90
15 20 90
13 20 84
17 18 63
20 18 65
11 19 86
17 18 77
10 10 81
16 11 76
18 20 87
17 11 65
16 14 85
20 20 58
16 14 65
18 16 98
11 13 57
14 20 59
13 17 97
13 18 55
17 14 87
17 17 98
16 15 87
11 17 62
14 17 70
10 20 72
18 19 75
15 19 85
16 19 73
20 19 81
15 18 85
10 19 77
19 13 77
13 11 91
11 18 84
14 11 88
15 18 77
15 15 73
15 17 78
10 16 87
19 16 90
15 10 86
10 15 94
14 13 67
19 11 61
11 17 75
19 18 55
13 15 87
16 16 76
10 10 80
14 12 64
16 11 61
18 15 63
12 11 57
15 17 81
16 15 86
12 20 96
18 12 70
12 18 63
18 13 69
18 20 69
17 10 56
18 15 65
13 19 60
16 10 54
18 17 75
15 15 91
20 18 87
16 11 95
20 19 66
15 20 80
14 11 65
20 14 95
14 17 88
12 20 77
16 10 62
20 12 68
18 13 58
18 13 50
17 19 72
12 11 70
10 17 89
10 17 96
18 10 68
13 11 79
10 20 80
10 10 75
19 16 78
15 19 90
16 13 90
18 17 87
18 13 83
10 12 79
20 20 90
18 10 74
18 20 57
14 12 81
15 20 63
18 18 89
20 16 64
20 20 66
18 19 55
18 14 70
19 17 60
13 16 92
16 12 94
18 18 50
11 17 89
15 12 55
10 13 85
20 12 83
10 19 86
15 12 71
13 20 84
10 15 93
16 17 83
14 17 54
16 11 70
17 18 91
12 10 63
10 11 68
17 11 88
10 17 97
15 14 78
19 17 61
17 10 59
17 18 83
14 16 69
17 10 73
11 18 86
13 19 82
19 12 79
11 15 94
18 15 59
16 10 57
17 19 95
13 14 87
14 20 63
16 10 57
17 14 88
17 18 86
10 11 79
16 11 96
14 15 62
16 12 78
18 20 68
17 20 95
20 11 69
10 18 100
10 16 51
13 15 85
11 15 77
13 10 52
20 13 55
15 11 58
20 14 89
12 13 58
16 18 96
19 16 66
19 13 95
13 16 96
14 20 72
15 19 87
11 16 100
10 16 61
18 12 79
17 18 89
19 11 83
17 10 80
13 15 57
10 10 98
17 11 70
19 17 83
17 15 72
15 12 74
12 10 65
19 18 72
18 18 56
15 16 50
13 13 60
16 12 64
16 12 65
20 14 69
12 17 88
10 17 98
14 11 73
20 12 53
14 20 73
18 10 55
18 13 97
19 20 100
20 18 58
15 20 62
17 13 92
20 19 99
14 16 57
10 19 55
11 16 58
11 19 77
17 19 97
13 15 54
10 10 94
19 20 64
13 18 58
16 13 56
14 13 97
15 15 82
15 14 51
10 18 91
17 13 89
12 20 89
20 10 63
17 16 57
18 11 81
20 19 74
12 14 73
14 14 75
14 19 55
11 20 74
14 20 84
16 13 59
18 15 77
16 16 63
17 11 53
13 10 58
20 15 88
19 19 88
12 10 81
20 15 93
10 14 78
12 17 60
17 18 74
16 10 80
17 13 76
12 12 96
15 15 76
17 19 93
19 14 60
18 17 63
16 12 92
19 16 67
14 18 51
13 14 79
13 14 76
12 13 81
16 11 94
18 13 95
20 16 97
19 11 95
17 11 86
13 16 78
19 17 58
17 13 65
19 14 84
10 11 54
14 15 54
15 20 70
10 12 60
19 18 91
14 15 55
10 18 68
17 12 96
18 20 77
11 10 57
14 18 52
16 15 55
10 20 93
11 14 66
11 20 69
16 20 63
14 18 96
20 15 56
12 18 80
18 10 51
16 13 56
16 14 89
15 20 95
10 17 96
14 19 82
18 12 56
19 19 93
13 16 52
20 16 68
11 19 88
12 19 96
11 10 90
20 18 97
19 19 69
10 12 96
15 11 77
18 17 87
17 10 59
14 20 80
11 10 52
12 12 53
20 19 65
20 14 89
11 20 55
17 15 66
17 11 60
12 15 57
20 14 52
18 11 56
10 12 51
13 18 82
13 13 85
15 10 78
18 19 58
15 12 83
15 14 98
10 15 73
18 15 78
19 20 92
20 14 85
20 18 74
10 20 90
17 11 62
13 12 64
19 18 93
10 11 97
20 13 60
18 13 58
11 20 81
19 19 53
13 16 88
17 13 86
10 18 59
17 19 97
15 19 57
12 13 52
15 11 73
13 16 81
10 10 91
19 15 63
18 11 81
18 19 57
12 18 61
19 20 88
14 12 66
16 12 64
14 16 68
13 17 86
15 18 56
18 18 62
13 12 56
14 19 52
16 15 51
12 17 81
13 13 62
12 13 84
17 11 58
11 13 62
20 10 95
19 11 90
17 13 70
18 10 84
17 11 60
14 17 68
15 10 68
12 16 52
13 19 85
19 16 72
19 12 71
20 15 76
13 15 56
20 16 76
14 16 78
13 17 97
15 10 84
15 10 66
18 20 92
15 12 96
13 17 86
16 11 65
20 18 94
20 17 83
15 13 77
18 17 88
12 11 86
19 17 72
12 15 70
12 20 69
15 11 70
15 11 80
10 16 63
13 15 97
14 11 98
12 12 59
11 16 88
12 14 76
16 20 62
16 12 62
16 14 59
10 12 64
15 11 93
20 19 60
15 11 89
18 14 92
11 18 51
13 12 66
17 12 85
11 11 88
20 13 52
16 17 94
13 19 55
19 20 86
10 11 100
11 13 55
15 10 50
17 19 62
18 12 68
18 19 86
14 20 58
18 18 94
10 18 92
14 18 57
19 16 67
20 20 61
20 10 65
16 10 67
16 19 78
13 16 95
11 12 93
18 12 88
11 15 69
18 12 64
14 20 51
10 19 77
14 15 95
19 20 62
17 13 50
13 16 94
13 10 60
10 19 66
18 18 99
15 16 77
15 12 98
13 18 96
12 11 85
15 10 58
10 14 59
17 11 63
19 11 54
18 12 78
16 14 62
18 16 68
11 13 85
17 13 52
18 16 76
16 16 74
19 16 82
18 20 55
10 13 79
14 12 74
13 12 97
19 16 100
14 17 100
20 18 53
17 15 59
11 13 74
15 13 85
14 11 83
12 16 66
10 17 72
18 10 79
12 19 96
19 18 80
16 18 89
18 19 79
10 15 61
15 15 53
17 11 65
18 18 97
15 19 51
15 13 51
20 11 77
18 19 89
16 12 89
15 10 63
10 14 61
13 20 59
14 13 83
19 16 81
11 19 52
17 13 77
17 19 80
17 14 91
10 17 69
15 17 56
17 17 74
13 19 73
10 19 87
20 19 51
10 17 93
12 20 89
17 18 55
18 20 94
10 13 68
10 15 77
15 18 77
10 14 73
11 20 51
18 20 71
15 18 61
15 13 88
12 19 93
10 17 97
19 20 52
20 13 57
19 12 59
13 20 71
18 20 57
13 17 77
14 15 72
13 20 59
11 12 69
15 11 56
17 17 74
13 16 76
10 20 69
12 20 58
13 18 69
19 19 93
15 20 87
20 12 62
14 19 68
12 10 79
14 16 74
15 14 57
17 14 95
15 19 82
11 20 93
14 10 77
18 12 90
19 13 100
20 15 89
19 18 66
20 19 69
14 11 69
12 10 89
20 16 67
11 13 80
14 14 79
13 17 59
14 14 52
13 16 99
10 13 67
14 15 97
11 12 78
13 10 64
10 16 70
18 17 51
10 15 89
11 12 67
15 20 75
10 14 95
13 13 71
15 19 98
20 19 97
20 13 66
19 15 89
10 15 91
12 20 59
16 12 58
10 15 93
12 15 93
10 20 99
10 16 85
15 15 71
15 13 88
19 15 63
14 20 86
16 12 68
10 10 97
14 13 79
15 16 87
15 16 75
17 18 93
13 20 70
15 11 78
13 20 88
14 14 100
10 16 98
12 20 93
10 20 95
10 14 53
16 20 99
12 11 81
12 12 79
17 17 81
13 13 95
18 15 100
18 17 81
13 18 80
10 19 93
13 19 65
12 11 78
17 15 56
14 19 91
20 19 77
10 11 89
11 19 80
11 15 88
11 12 87
19 10 54
19 19 86
15 13 93
18 20 75
12 12 61
17 15 66
17 10 75
12 15 89
10 15 94
13 14 71
10 15 76
12 15 52
16 17 80
14 18 81
20 20 98
13 15 97
15 15 52
14 14 77
16 10 74
17 14 87
12 18 82
14 11 71
11 16 59
13 12 69
19 14 63
18 11 66
18 15 82
13 15 60
20 16 72
15 12 60
20 13 84
13 15 99
20 13 84
13 14 54
12 18 76
12 13 95
11 13 58
15 15 77
20 12 84
15 20 69
20 18 97
10 17 60
13 11 59
13 19 83
19 13 74
14 20 61
13 16 80
11 13 82
10 13 74
12 11 67
13 17 50
14 12 63
17 19 89
19 15 90
19 10 63
13 14 91
16 15 92
17 15 87
14 15 83
12 14 82
11 20 60
17 10 74
14 14 75
17 11 54
20 14 95
16 15 99
15 17 55
13 19 95
15 17 79
19 11 89
18 13 74
20 11 61
20 18 60
18 17 88
10 18 90
13 12 86
18 11 58
17 10 77
17 12 67
14 13 50
16 13 55
14 16 51
16 11 65
17 15 81
13 18 88
18 13 92
10 11 73
15 11 71
15 10 68
16 17 89
16 12 55
13 11 91
17 19 59
18 10 72
11 18 65
17 16 97
18 15 69
14 19 78
17 14 54
15 17 62
14 13 65
10 20 80
18 11 87
10 17 95
16 16 52
20 11 94
14 16 71
15 17 87
14 12 79
19 16 65
19 17 51
16 10 79
20 17 96
16 18 50
10 16 52
15 14 93
12 17 83
13 19 87
12 12 90
17 20 65
14 13 77
13 11 94
19 14 96
20 17 100
16 20 51
13 19 81
12 10 89
13 17 54
16 10 99
20 16 85
15 12 53
16 13 93
18 13 84
12 16 83
17 11 61
13 11 79
10 12 97
12 10 90
15 19 96
13 10 97
14 17 55
15 20 68
11 13 70
16 14 75
16 11 67
18 14 67
17 17 73
14 18 93
16 12 79
10 15 59
13 15 75
14 11 77
20 19 54
14 16 53
19 17 51
16 13 76
15 11 96
12 20 76
13 12 64
17 13 75
14 12 54
14 13 97
10 16 95
13 11 54
12 13 100
12 17 65
11 18 79
11 16 66
16 20 54
15 13 93
13 10 51
20 11 92
18 10 67
14 14 61
12 14 56
16 13 66
11 20 72
11 13 73
20 19 85
18 17 78
14 14 77
10 13 53
19 19 50
11 19 54
12 10 99
13 11 74
11 14 53
16 12 89
17 19 89
15 12 97
14 20 71
10 14 70
19 10 70
10 15 55
13 10 92
16 16 69
19 16 87
11 12 96
11 12 52
14 14 73
12 10 57
19 10 59
12 17 96
17 15 75
16 19 83
15 15 62
12 18 58
11 12 50
16 11 77
18 13 94
15 18 97
13 10 69
10 12 69
10 16 63
20 10 60
19 17 84
17 10 61
19 14 64
16 17 52
18 18 88
18 18 78
11 14 62
11 14 57
15 20 72
14 20 73
12 18 54
11 15 97
10 16 96
17 15 80
13 18 51
15 16 83
12 20 92
11 11 63
19 13 68
15 18 66
16 19 92
12 14 77
15 12 68
15 20 66
11 16 69
18 19 71
14 18 93
13 15 56
12 12 94
18 15 76
20 18 86
10 20 69
17 17 99
14 18 95
15 19 71
13 18 78
20 18 59
17 19 73
15 15 76
18 13 84
12 16 81
13 10 76
14 11 71
16 12 92
16 12 76
17 18 73
18 16 98
18 16 93
10 16 97
16 15 66
14 14 54
20 12 84
16 11 95
18 11 58
18 11 89
19 17 50
16 15 85
12 20 69
15 17 93
12 18 81
15 17 62
14 20 91
13 18 84
10 17 74
20 18 88
10 15 100
11 12 69
15 19 94
17 13 88
15 14 55
10 18 73
14 12 85
12 20 68
20 10 55
14 20 72
12 11 57
11 12 83
20 16 83
13 16 78
16 18 55
15 11 57
19 19 82
20 18 81
20 20 72
15 17 65
15 10 98
15 16 57
17 11 93
18 10 82
19 10 64
15 15 62
11 13 70
20 18 56
12 10 94
12 19 97
10 16 99
11 15 73
19 13 89
14 10 93
19 11 84
18 13 51
13 10 84
10 19 50
12 14 76
16 19 58
17 18 67
16 17 50
15 16 92
20 12 90
17 16 51
10 11 60
10 15 57
13 17 83
16 19 65
11 20 50
19 11 94
14 13 93
17 13 71
19 20 88
17 11 63
12 17 77
20 12 99
19 19 55
16 18 98
14 11 64
13 14 83
19 12 91
20 11 98
11 11 87
17 19 94
13 10 68
14 17 83
20 16 86
15 18 90
13 17 89
17 14 73
20 17 54
14 19 68
10 17 68
19 12 95
19 10 81
18 11 86
17 20 95
18 11 58
16 20 87
13 17 69
12 20 73
17 13 55
15 17 89
13 10 90
14 19 100
12 16 88
11 10 53
18 14 83
14 16 57
16 15 96
11 15 63
11 14 55
15 19 66
19 11 85
10 10 55
11 10 59
13 14 95
13 14 87
15 14 78
10 10 95
13 13 63
11 12 69
20 20 86
14 11 88
15 19 71
18 12 68
20 17 85
12 13 70
12 16 92
10 10 57
13 17 98
17 12 51
19 10 91
16 15 83
18 20 80
10 20 71
13 14 84
11 11 63
13 11 90
12 12 61
18 10 52
20 12 61
14 14 77
20 17 89
14 19 81
10 20 64
11 14 89
15 14 72
17 15 64
19 16 95
17 11 70
19 15 84
20 12 69
15 15 59
16 11 88
16 12 60
16 13 70
15 12 74
14 11 53
16 17 53
19 20 55
20 13 87
12 13 82
19 14 82
11 18 80
13 18 54
14 18 52
16 11 78
18 17 60
13 16 93
12 13 100
20 16 96
16 18 57
16 10 60
17 13 80
20 11 96
15 16 65
13 20 58
12 13 61
11 14 95
18 13 52
19 20 98
14 16 51
17 17 92
14 14 63
11 13 80
11 10 93
20 16 51
19 15 68
18 17 65
18 19 63
17 18 87
15 15 94
10 11 65
16 15 92
12 13 89
14 16 54
13 16 70
13 19 92
13 18 61
12 12 50
17 12 56
14 15 98
11 16 85
15 12 69
10 11 77
14 10 65
19 13 55
19 18 91
20 17 63
12 16 61
11 17 77
20 10 93
14 13 50
14 19 56
10 15 61
13 10 68
17 11 95
12 10 96
13 19 71
11 16 78
15 13 80
18 18 76
17 19 51
10 10 64
13 10 82
19 17 88
16 20 61
10 14 73
13 19 68
16 13 68
14 18 79
19 15 64
15 11 75
15 19 71
20 15 65
10 19 58
16 19 97
16 14 64
13 15 54
20 13 53
16 15 70
20 19 99
20 10 61
19 12 72
14 11 76
15 15 62
10 10 81
14 15 75
14 12 77
13 16 87
12 13 96
13 13 71
11 10 79
16 16 80
20 14 78
15 19 68
10 14 83
14 10 79
19 15 57
11 16 66
14 14 92
15 15 81
16 17 63
13 11 82
20 20 52
18 11 87
10 20 67
15 19 93
12 15 81
19 12 64
10 18 51
14 15 98
15 13 94
13 11 58
20 13 52
13 19 67
14 19 52
12 13 65
11 20 55
12 13 69
12 16 52
12 17 77
14 19 84
10 15 70
10 17 58
17 18 65
19 18 98
20 14 51
20 19 51
12 20 55
17 19 56
10 15 95
11 20 66
16 16 66
16 18 94
11 16 64
18 16 85
18 18 71
10 16 72
11 14 85
10 14 55
17 20 54
14 19 100
10 11 78
12 11 89
12 18 87
20 13 84
11 15 59
12 20 95
18 10 54
11 17 84
10 12 69
20 16 84
11 15 56
16 16 98
12 18 52
18 19 62
17 19 80
14 17 75
10 17 61
15 14 70
13 12 58
11 17 73
18 12 53
14 19 58
10 17 98
14 14 51
14 15 88
13 13 66
15 13 63
18 16 65
17 16 53
20 16 72
16 10 88
13 17 84
13 15 99
14 16 93
16 20 66
11 20 85
12 20 77
12 18 89
18 16 89
20 14 65
15 18 64
15 17 64
19 19 96
10 12 71
10 16 67
20 11 98
19 12 88
10 15 77
16 12 78
12 14 63
15 10 90
17 14 99
12 15 74
15 18 56
18 15 66
10 18 84
18 15 61
11 18 96
10 20 75
17 18 90
20 19 75
16 18 89
16 11 82
20 18 79
15 10 69
20 17 95
13 15 94
20 18 54
13 12 72
12 11 66
15 11 88
12 16 96
12 13 60
18 13 94
11 15 90
14 15 63
19 12 95
15 12 77
20 10 57
19 15 90
15 10 86
10 18 98
20 19 64
14 10 70
13 12 96
18 10 83
12 18 98
12 12 78
20 20 87
11 15 68
16 10 84
14 20 97
13 15 94
18 16 81
16 13 72
15 17 74
17 19 51
14 17 69
14 18 96
18 19 71
12 18 91
20 19 90
12 17 68
17 14 72
19 19 79
13 19 75
13 20 52
11 10 85
19 16 83
17 11 96
13 13 67
17 11 62
11 18 71
19 13 73
19 15 91
18 12 80
20 20 75
20 13 92
19 18 83
20 16 50
17 10 58
17 20 72
17 14 97
17 17 57
15 14 89
16 11 77
16 18 68
18 11 86
10 17 55
17 11 93
15 10 58
10 17 97
13 11 68
18 17 93
17 10 92
16 12 91
14 17 89
11 17 70
10 18 63
11 13 93
14 11 55
14 15 51
10 18 63
19 13 87
12 14 61
14 15 72
14 11 81
15 18 55
15 18 58
17 19 99
17 15 93
13 12 91
19 13 73
11 15 87
19 17 53
17 19 91
11 18 59
14 14 91
18 20 73
19 11 72
17 20 94
16 13 70
18 18 50
11 18 78
16 10 98
10 12 77
16 13 92
10 12 74
17 11 79
14 19 86
13 10 70
12 19 73
13 16 86
13 12 95
11 12 82
11 20 98
17 16 69
12 19 99
14 20 82
15 10 56
12 12 61
15 19 97
17 17 68
12 19 95
13 12 83
19 11 97
13 20 56
16 14 71
10 14 69
19 16 50
13 16 90
14 19 81
16 18 97
18 13 71
16 20 50
17 11 99
11 14 57
14 15 87
19 15 73
14 15 56
14 13 80
10 12 72
15 13 62
15 10 88
17 12 63
14 12 92
16 15 66
12 16 94
12 20 72
17 20 67
13 14 92
12 17 87
14 10 56
20 13 57
11 17 94
17 15 69
18 12 71
11 10 78
11 17 63
16 12 89
17 10 70
13 19 93
20 12 73
20 13 91
20 10 100
17 10 55
15 12 67
10 15 88
20 16 99
18 14 95
20 12 66
12 14 91
13 12 89
20 18 93
20 11 84
13 17 66
16 13 57
16 10 60
18 11 86
13 17 97
19 15 77
16 19 65
10 12 67
16 14 85
20 17 57
16 19 75
12 19 67
15 19 90
18 12 56
12 15 55
20 10 76
17 17 87
10 19 93
19 16 75
14 10 96
20 20 68
14 20 76
18 20 78
14 20 64
19 10 83
13 15 91
13 16 50
19 10 58
15 19 84
12 15 56
20 12 73
13 19 79
11 13 61
12 17 92
20 18 68
19 14 95
15 16 91
18 16 66
17 10 82
20 13 72
17 11 71
11 16 60
13 16 70
15 17 96
11 10 81
15 14 55
20 11 57
18 10 68
15 17 89
14 12 81
17 14 69
12 15 99
14 18 94
19 15 83
10 16 71
13 18 70
16 14 99
16 11 98
13 14 91
19 17 92
20 11 73
12 20 97
19 18 97
19 15 80
19 11 99
15 15 97
11 20 95
18 11 76
17 14 83
18 13 50
18 17 87
10 13 75
14 16 82
10 14 77
13 14 68
20 16 80
14 17 67
14 19 84
20 13 51
10 14 81
12 16 60
17 12 70
20 10 99
19 10 64
12 19 85
20 19 70
20 17 92
15 20 57
20 17 85
20 14 52
19 19 61
17 14 51
13 20 59
13 12 100
11 15 90
19 12 51
18 11 96
14 15 72
16 17 83
20 11 74
10 17 70
20 20 94
10 12 50
18 15 89
18 13 78
19 20 89
18 20 53
16 13 51
14 11 65
20 15 82
17 10 83
15 13 83
11 12 72
15 13 57
16 10 81
18 17 88
13 14 59
13 17 92
18 12 94
19 17 55
17 12 67
20 14 54
14 19 70
10 12 56
20 20 100
16 19 63
18 18 73
20 10 62
16 11 83
13 18 85
18 18 80
15 18 78
20 18 76
19 13 51
18 16 93
19 15 76
10 16 86
18 12 93
10 20 76
11 18 79
15 14 60
17 10 62
16 15 100
13 16 79
15 16 56
14 18 76
18 18 64
20 13 65
14 17 72
18 11 86
18 13 100
10 13 68
15 17 80
12 12 100
17 19 86
16 19 91
10 11 76
12 13 66
11 16 73
14 10 87
11 11 56
16 18 84
12 17 63
15 19 95
17 17 98
17 10 95
10 20 87
16 19 70
19 11 82
18 13 75
16 18 90
14 11 77
13 18 61
17 12 86
12 18 59
14 11 76
13 10 74
11 11 99
16 20 60
16 10 96
17 11 75
20 10 66
15 13 62
15 15 51
11 19 72
20 13 71
16 13 67
16 13 65
11 15 70
17 19 99
11 20 59
20 15 89
19 20 57
12 10 77
10 12 73
17 19 90
19 15 51
16 10 59
13 16 76
13 15 75
11 16 99
11 18 61
19 13 67
20 18 96
15 15 51
20 15 68
13 14 51
11 17 65
14 13 73
12 18 53
10 13 97
19 10 85
16 14 96
20 11 58
18 14 74
14 15 84
16 13 54
16 10 57
14 16 87
17 16 60
13 10 84
19 12 75
12 11 74
18 17 53
10 18 83
11 12 54
19 10 77
19 12 64
17 20 58
12 18 92
12 18 74
17 19 80
18 14 92
14 20 67
11 13 60
13 18 65
18 13 51
14 16 56
20 15 80
12 13 83
13 20 76
17 12 86
17 20 80
13 17 60
13 18 95
20 15 68
11 11 71
18 17 69
13 17 69
20 11 98
19 19 53
15 20 63
15 15 87
16 17 73
14 11 85
16 20 85
12 13 68
17 10 50
12 20 69
20 14 86
13 20 93
14 15 81
16 12 91
17 11 80
19 17 52
20 18 77
13 16 77
20 14 68
15 15 56
17 20 84
18 14 100
19 16 77
19 13 88
13 18 93
20 16 63
19 19 62
11 19 85
19 10 78
13 16 85
19 18 76
10 17 70
15 17 78
12 15 74
16 13 87
10 14 77
13 13 74
18 16 57
17 16 59
11 16 75
17 13 92
14 17 95
17 12 100
17 16 97
16 20 79
15 13 54
17 14 75
10 19 92
13 18 87
14 14 55
17 12 72
18 14 89
13 18 60
16 12 83
10 13 65
20 19 89
17 16 74
16 20 75
10 13 70
19 10 69
17 12 63
19 18 82
17 10 74
10 11 53
12 12 94
19 18 88
15 12 80
11 17 70
15 17 50
19 18 86
11 14 56
10 13 59
18 13 82
16 11 93
17 18 81
15 16 68
15 15 54
18 11 96
10 20 100
11 17 58
19 13 94
10 18 67
11 14 91
16 11 90
10 10 62
14 19 68
16 20 85
15 12 74
18 12 100
13 10 51
15 20 65
10 11 71
14 14 55
11 14 88
19 18 82
20 11 86
14 15 71
18 15 94
19 17 66
12 16 65
17 11 51
18 17 59
13 20 82
12 17 51
10 17 97
14 17 76
19 18 73
15 18 98
20 16 93
15 18 79
15 16 57
18 18 70
12 18 53
14 20 73
18 20 72
19 19 51
12 17 89
14 19 97
10 15 52
19 10 56
18 12 94
10 19 94
20 19 89
19 10 74
18 15 78
16 10 70
20 11 74
10 12 87
11 12 78
18 12 56
10 14 64
19 11 70
19 16 94
17 16 99
10 10 77
13 14 86
10 10 78
18 12 96
10 14 83
18 16 77
18 14 86
16 18 64
15 13 100
13 19 59
13 17 98
13 14 50
12 13 86
13 20 97
19 17 74
20 17 65
12 14 100
19 20 84
10 17 51
17 16 70
10 15 67
14 17 63
17 10 67
17 20 56
14 17 68
17 15 51
14 19 95
15 15 61
18 11 72
10 10 61
18 20 75
11 12 99
19 15 71
13 10 100
10 13 55
16 17 98
16 17 52
17 10 82
19 15 51
13 15 99
16 18 77
12 12 87
18 11 99
14 14 96
13 13 98
12 12 58
18 13 66
14 19 73
14 18 84
14 16 100
19 16 82
18 17 94
10 18 58
18 17 67
15 13 50
14 15 80
17 20 77
20 15 73
20 20 60
11 10 96
11 13 57
10 20 70
20 16 67
14 15 99
19 12 87
19 14 74
14 17 68
11 14 90
16 16 65
10 15 62
13 14 96
12 11 55
17 18 63
13 20 83
10 10 56
10 19 89
10 11 96
18 16 57
16 10 61
16 18 92
20 12 78
20 11 63
12 13 54
13 19 99
12 20 61
18 16 83
16 14 100
17 13 56
17 10 87
12 18 91
17 13 62
12 13 55
14 12 56
14 18 54
12 19 95
19 15 78
20 19 65
12 19 63
19 17 95
12 12 99
15 10 64
13 14 78
16 13 52
15 14 82
15 10 51
18 14 78
14 19 68
13 15 89
14 13 80
19 13 74
20 16 54
16 16 78
19 12 82
11 11 85
15 17 88
10 19 96
20 20 54
11 11 80
10 11 54
15 14 78
13 20 76
13 10 78
20 12 76
19 14 83
11 11 59
17 18 50
20 16 76
13 17 86
18 13 64
11 19 56
18 17 92
18 15 51
17 15 60
20 15 87
13 13 99
16 14 79
15 14 96
19 12 91
12 20 79
14 18 50
10 15 67
13 13 66
12 10 73
12 18 64
13 17 62
14 20 95
14 17 64
20 19 71
16 12 64
18 10 56
15 18 84
15 16 56
15 18 68
15 17 59
14 15 93
17 20 94
15 11 76
16 11 92
19 14 70
15 16 83
14 11 86
11 10 62
18 10 51
14 12 66
13 13 74
19 14 83
13 10 79
15 19 56
10 16 58
15 19 53
15 10 64
20 14 87
18 16 90
14 16 87
14 13 83
10 15 93
10 12 91
19 17 56
15 18 75
19 12 78
10 16 98
15 17 66
12 17 54
13 13 68
11 11 74
14 14 75
17 15 58
18 14 97
11 20 60
10 15 88
18 20 53
13 14 77
10 19 75
12 15 89
14 19 92
10 12 74
11 14 70
15 15 60
10 15 61
20 20 60
10 13 71
15 10 62
19 12 88
20 14 57
14 19 80
19 10 57
18 20 52
10 18 86
16 11 100
17 14 60
10 17 79
13 15 73
13 11 67
16 20 63
10 19 72
15 11 52
10 11 81
16 12 60
15 16 59
19 13 57
17 19 74
12 16 87
16 19 57
13 16 95
13 15 90
11 11 99
15 17 54
20 12 100
10 19 60
19 20 62
14 15 62
16 20 74
18 13 87
14 19 53
10 11 51
14 17 74
10 11 57
20 19 51
20 11 95
15 11 71
11 16 74
13 16 97
13 14 76
11 11 61
11 20 76
13 10 83
17 13 92
13 11 97
19 12 98
20 19 56
13 15 87
17 12 50
18 11 72
15 14 97
18 14 52
13 15 86
20 18 84
11 14 95
17 11 88
17 11 57
12 15 60
14 20 71
20 18 82
13 12 70
17 20 67
17 20 81
15 14 67
17 12 66
10 19 90
18 20 74
12 17 61
17 11 68
16 11 86
12 20 67
11 16 59
13 13 56
11 13 94
14 17 80
11 14 84
12 10 81
20 18 72
18 17 84
20 13 100
18 11 63
15 10 81
12 15 80
16 18 84
17 14 54
14 18 57
15 10 51
11 18 77
10 17 54
16 16 80
14 18 81
10 18 85
20 15 92
14 10 60
16 14 52
12 19 84
16 18 98
19 15 76
15 13 89
18 13 95
12 14 53
18 19 70
17 11 50
12 11 77
17 20 57
15 15 98
11 13 61
16 13 57
14 18 85
18 14 83
10 11 59
18 12 60
15 18 60
17 18 84
17 18 79
16 16 57
16 15 82
18 19 69
15 10 91
12 20 83
16 15 93
11 11 95
14 15 84
12 14 67
20 12 57
20 18 51
14 16 59
15 14 95
10 10 98
14 20 81
20 20 50
15 20 75
18 10 72
16 14 73
10 11 81
15 12 72
12 13 62
11 12 52
17 20 85
10 10 77
18 12 100
14 20 86
18 13 79
20 20 72
16 18 96
19 13 94
13 15 56
17 12 92
17 17 98
20 11 52
11 12 90
12 15 53
16 16 77
10 10 79
16 20 65
12 19 77
18 15 95
16 17 89
