4000 4000
1 3
9 7
4 10
9 4
9 4
3 9
9 6
5 6
7 7
4 1
4 6
8 6
6 10
1 1
3 6
6 9
2 2
4 5
4 3
6 6
9 2
10 3
7 3
3 5
5 2
7 1
7 3
4 3
10 3
6 9
9 7
1 3
6 9
7 8
6 2
8 9
6 8
7 10
7 4
6 6
1 6
1 1
5 7
7 2
1 1
5 5
1 10
1 3
4 1
10 8
3 1
8 8
8 1
3 9
3 10
8 5
2 6
1 10
8 1
9 5
4 3
10 8
8 6
9 5
8 6
6 9
2 5
7 3
5 4
2 5
8 4
10 6
6 8
5 2
3 4
10 8
1 4
5 6
10 8
7 4
5 7
7 2
1 2
6 10
3 2
5 4
9 7
6 10
1 1
2 7
10 10
9 9
2 9
9 7
9 10
9 9
7 3
2 7
6 8
4 5
4 9
7 4
10 9
2 10
5 2
4 7
2 10
6 7
10 2
3 10
4 9
5 4
3 8
5 3
7 3
9 3
9 8
3 2
7 4
7 2
1 8
2 7
3 6
10 2
6 5
2 10
9 7
10 4
4 6
6 2
9 7
10 4
6 4
9 9
7 7
9 2
4 6
8 5
5 4
9 9
9 1
5 10
3 5
8 10
3 4
2 7
7 5
2 7
4 6
9 1
10 3
2 2
9 9
3 9
10 5
6 1
8 2
5 4
7 1
5 10
4 4
4 9
4 3
7 8
8 1
1 7
3 2
2 2
9 6
9 2
5 7
3 5
6 5
8 7
2 7
3 2
1 6
1 10
5 8
7 7
4 4
2 10
7 2
9 3
8 5
3 7
4 2
7 5
6 4
8 10
10 5
3 5
8 6
4 5
2 4
2 8
9 5
9 8
6 10
5 10
9 6
9 8
9 4
4 4
1 6
7 9
1 3
9 10
10 3
9 9
2 2
6 6
8 3
1 8
7 4
1 6
1 1
3 10
3 2
6 3
6 2
3 2
7 6
9 8
4 6
5 2
8 10
10 9
2 3
2 10
5 8
9 10
5 1
7 5
2 3
2 7
2 4
3 6
3 7
4 7
3 9
1 2
3 5
6 3
9 8
1 5
10 3
4 3
9 4
5 9
8 10
7 3
3 3
3 6
1 5
9 9
4 3
9 6
9 7
9 10
6 2
6 5
3 8
4 10
2 8
1 9
9 1
1 5
3 9
7 2
6 9
8 8
4 9
3 3
2 4
7 8
2 5
3 10
10 1
10 8
4 2
1 8
7 9
2 10
7 8
9 5
7 2
9 8
2 2
5 5
10 4
6 1
6 5
3 6
3 5
9 7
8 2
7 2
5 1
4 5
2 3
3 6
9 5
2 2
7 9
4 2
3 9
8 8
7 5
9 8
6 7
2 7
6 1
7 3
6 10
7 9
5 6
7 7
2 6
2 4
1 6
9 3
1 10
3 3
7 7
5 9
6 3
1 5
7 2
1 3
9 3
3 5
4 2
4 4
2 9
10 10
10 5
7 10
6 8
3 1
3 2
2 1
9 2
7 6
1 4
1 3
9 9
1 8
4 9
3 7
8 10
10 10
4 10
2 1
6 1
6 4
2 7
5 6
7 10
2 8
7 2
9 8
2 3
2 6
5 10
1 5
10 10
4 10
10 4
5 9
10 5
3 1
7 5
1 5
6 2
6 2
5 6
1 8
4 8
4 7
10 7
4 5
1 9
7 8
8 2
2 9
2 9
8 10
9 4
4 4
1 3
3 6
3 2
4 6
5 8
10 3
1 7
9 5
8 3
2 9
5 2
4 1
1 5
9 3
4 10
5 2
4 4
5 10
9 3
2 3
7 3
5 1
7 10
2 1
7 7
5 4
3 3
4 4
5 7
5 1
8 7
10 6
6 1
2 3
4 5
8 5
7 9
9 1
5 9
9 8
5 4
6 9
7 9
10 2
3 1
5 2
2 10
3 3
4 9
2 10
10 6
3 2
4 3
4 8
5 3
3 3
3 3
7 1
2 9
10 9
8 10
1 8
5 6
7 4
7 5
6 3
9 10
8 3
6 8
4 2
5 6
9 7
4 3
9 2
3 7
8 3
9 1
10 8
9 6
6 10
8 8
5 10
10 5
10 5
4 2
9 4
5 6
10 9
9 7
2 9
4 7
7 9
1 3
4 4
3 9
10 8
6 9
3 5
8 7
10 6
6 2
5 9
6 10
6 1
6 5
6 5
6 4
2 10
10 1
6 4
4 5
9 4
10 1
5 4
6 6
9 5
9 8
4 10
9 6
6 6
4 7
5 5
4 6
8 6
9 2
1 8
10 3
5 3
3 9
2 5
8 7
6 6
7 5
6 10
4 3
4 1
10 8
9 9
6 3
4 5
9 8
8 8
4 4
7 6
8 4
6 7
4 3
5 9
5 4
1 3
5 4
6 6
7 4
1 10
6 1
2 9
3 3
3 9
8 2
2 4
6 3
8 5
10 10
6 3
3 9
4 9
7 3
3 4
2 10
10 6
8 1
5 8
9 6
3 1
1 8
1 8
3 8
3 8
2 6
1 6
7 2
7 6
10 7
5 9
4 6
7 10
7 6
5 7
4 8
9 10
6 1
10 7
1 10
2 4
5 8
3 9
1 6
3 5
2 6
6 3
4 8
9 6
10 5
4 10
1 1
4 2
5 4
7 9
2 10
5 6
7 8
2 7
10 2
10 6
9 4
6 7
5 8
10 8
8 6
10 3
6 7
9 10
4 6
10 10
8 8
7 7
4 10
4 3
8 2
6 4
10 1
10 4
7 5
4 7
4 5
5 2
1 1
6 1
9 1
2 3
1 8
7 5
4 6
2 5
7 8
2 5
7 7
1 5
7 3
3 9
1 5
3 4
10 7
8 3
9 10
10 3
3 3
7 4
7 4
9 10
6 8
1 3
3 3
5 9
9 1
3 9
1 10
7 4
2 3
4 3
7 1
6 10
5 7
6 10
10 5
9 1
7 2
4 4
10 5
2 2
5 6
2 8
1 3
4 3
7 7
7 4
2 10
6 1
6 8
5 5
3 9
5 5
5 2
6 10
2 6
3 7
3 5
4 8
1 1
4 6
6 10
3 10
9 5
4 2
2 5
10 6
9 4
3 10
8 4
7 1
1 6
8 3
6 3
1 7
3 2
4 5
4 2
5 8
3 9
8 3
4 5
7 4
1 6
7 10
8 8
2 4
3 1
10 6
10 4
4 6
2 1
2 3
10 7
5 7
7 2
6 1
5 9
7 9
1 3
7 1
3 6
4 5
8 4
8 2
1 7
6 5
3 2
5 2
1 8
7 5
9 3
1 4
7 5
10 10
9 2
6 6
8 5
6 9
3 6
1 4
6 10
2 2
1 2
3 8
9 9
3 5
9 2
7 9
6 10
9 2
8 9
6 4
2 7
5 1
10 4
3 1
7 3
3 1
1 8
6 9
7 8
8 2
9 8
10 6
3 4
6 7
8 7
2 10
7 8
5 3
10 7
6 6
6 3
7 2
8 6
9 4
8 1
2 2
8 10
1 6
9 1
10 9
3 6
3 9
9 5
6 6
5 5
9 10
4 6
10 2
10 3
5 9
3 4
5 10
2 6
4 4
6 2
7 8
3 4
3 8
3 3
9 2
5 4
8 3
6 2
4 10
6 8
10 5
1 2
10 6
8 10
5 5
6 6
4 3
5 3
5 1
10 9
9 1
3 5
9 9
5 9
7 7
4 9
7 1
1 7
6 4
9 10
4 3
5 8
9 4
10 6
5 6
1 5
2 6
2 6
3 1
4 10
4 4
2 9
9 5
5 1
1 3
9 4
10 9
1 8
8 4
5 10
8 2
8 6
4 3
3 7
6 2
3 6
3 10
4 5
3 10
9 2
4 3
3 5
9 7
2 4
8 9
3 5
10 7
8 2
9 4
10 8
8 9
3 2
1 6
4 6
2 7
4 9
6 8
10 5
7 4
6 4
3 5
6 2
6 4
1 8
5 9
9 7
6 1
6 1
5 9
8 1
9 5
9 5
6 4
9 2
3 7
3 2
3 2
2 2
2 6
4 4
9 8
8 6
8 6
8 6
2 5
5 3
7 2
9 2
2 6
10 10
2 6
6 10
4 10
3 10
5 2
10 9
2 4
1 3
7 3
5 10
1 3
2 6
10 9
3 6
10 10
3 3
1 8
3 8
8 5
8 7
4 8
10 4
4 6
7 7
1 8
2 2
6 8
9 8
10 6
5 9
1 7
4 7
9 10
7 1
7 3
8 9
7 4
4 2
1 9
6 2
2 6
7 5
8 8
7 10
2 7
4 6
9 4
5 3
9 4
5 8
8 2
10 2
8 8
4 7
2 10
9 4
7 2
9 9
5 8
7 10
7 1
6 9
4 7
3 10
8 9
8 9
3 10
7 3
7 5
10 4
4 6
4 7
5 7
5 1
6 6
10 3
7 6
8 10
6 2
5 10
3 3
3 7
6 8
1 8
10 9
9 10
5 7
7 5
1 5
2 2
5 2
9 8
5 1
2 8
10 8
8 1
5 8
10 10
2 5
6 4
7 6
7 9
9 1
7 6
10 3
3 9
1 6
1 10
6 2
8 2
9 9
6 10
6 8
8 8
6 5
6 6
9 4
3 5
1 3
2 1
8 2
5 3
10 4
8 10
5 6
3 3
10 6
6 8
2 7
7 8
7 1
3 9
10 4
4 3
9 10
6 4
9 10
10 9
6 4
6 6
9 8
2 9
2 4
4 3
2 6
2 4
9 10
5 9
6 3
9 7
4 4
5 5
7 2
9 7
9 8
6 4
8 6
6 1
3 2
4 9
6 1
1 9
7 5
2 7
8 2
5 1
5 10
7 2
1 3
10 6
5 8
10 10
10 6
4 3
7 4
1 1
1 2
4 3
2 6
6 9
4 10
4 9
3 7
5 5
5 8
2 10
7 1
3 4
5 3
10 4
2 4
8 6
8 2
3 4
10 8
3 10
1 1
9 7
5 3
3 8
7 7
9 4
9 9
4 4
8 3
1 2
8 10
4 10
9 10
2 8
1 5
3 5
6 3
5 1
5 7
4 3
7 8
9 1
3 1
7 3
4 8
8 4
9 10
1 5
1 7
7 7
8 8
6 1
1 7
9 8
2 6
9 5
10 1
4 9
5 3
6 8
10 6
9 2
6 7
5 10
9 8
8 4
6 3
7 4
5 6
5 2
10 1
7 10
9 7
5 6
2 4
5 2
2 4
1 7
8 7
7 3
6 8
5 3
5 6
10 10
1 10
2 7
4 5
9 3
5 7
7 4
9 8
8 5
3 8
1 5
3 7
9 2
4 7
7 1
4 8
5 4
1 3
6 5
10 3
10 8
2 6
4 9
1 6
4 5
5 2
3 8
9 6
6 2
1 4
1 6
1 3
10 4
3 10
7 6
6 10
3 2
5 6
7 10
8 7
7 7
4 4
5 5
1 8
3 2
1 3
3 8
4 3
6 5
1 7
4 2
7 4
9 1
3 4
7 10
3 8
9 7
9 9
5 6
5 1
3 4
2 10
3 2
5 1
9 8
8 10
6 1
1 10
2 4
5 7
2 9
10 2
5 8
9 4
9 9
6 5
8 5
5 8
2 10
5 2
3 4
4 1
10 7
10 4
5 6
10 8
5 5
7 10
8 3
2 8
3 4
10 4
5 6
8 9
9 9
2 9
4 3
3 4
6 1
3 4
8 7
9 1
4 4
8 6
8 2
4 10
3 9
3 2
5 4
10 9
4 3
3 10
3 6
5 5
7 4
6 5
7 1
2 3
3 6
8 4
9 3
2 5
10 7
8 6
9 5
9 1
1 7
6 10
8 6
1 9
6 5
5 6
9 8
9 10
5 9
5 3
4 5
4 3
3 10
5 10
8 5
10 4
8 8
4 9
4 8
3 2
10 4
6 5
1 5
3 5
4 8
3 1
9 9
5 8
4 10
8 3
10 6
1 1
8 7
4 4
3 4
1 3
2 2
7 7
5 2
1 10
10 9
9 1
9 4
10 8
7 3
2 8
9 1
10 9
4 3
4 9
6 3
2 10
10 1
2 7
7 7
9 8
1 3
2 10
8 8
2 1
6 6
8 6
1 5
4 3
10 9
2 10
7 7
8 1
9 10
3 3
2 2
5 1
7 10
9 10
5 5
6 5
5 9
7 3
1 8
10 2
6 5
3 1
10 7
7 7
4 6
8 5
1 4
4 10
4 7
1 7
3 10
7 3
4 6
6 10
3 6
8 1
8 10
1 3
6 4
1 2
6 6
9 4
3 10
2 3
4 1
3 3
7 8
8 2
3 10
2 7
4 9
5 4
1 6
9 2
9 3
10 4
7 3
2 1
7 4
7 7
1 7
5 2
6 1
6 6
8 6
3 6
4 6
1 6
4 6
8 3
8 7
5 4
3 4
3 9
3 9
8 2
9 4
5 8
9 4
9 6
10 5
3 5
8 1
7 6
5 9
6 8
8 9
4 1
3 3
4 4
9 7
6 4
1 8
1 7
5 8
7 3
7 3
2 8
4 4
1 6
4 5
10 4
9 8
1 9
10 2
7 7
6 6
10 4
7 9
4 3
9 8
3 10
1 6
3 3
8 6
4 3
7 1
2 9
8 3
7 2
9 3
8 9
2 1
8 6
10 10
8 10
4 6
5 3
3 8
5 10
6 2
6 9
8 4
10 8
10 3
6 8
1 10
6 7
5 1
8 10
5 6
2 7
7 4
1 1
9 8
9 1
6 1
10 4
9 9
2 2
8 5
6 6
3 5
2 3
3 8
10 1
2 4
6 10
3 4
4 1
4 9
3 7
7 8
4 7
7 7
8 10
6 3
6 2
1 2
4 9
9 1
4 7
7 4
6 4
7 7
3 10
10 1
9 10
4 9
1 4
2 9
6 2
7 2
9 1
7 8
7 4
5 10
9 7
1 4
3 3
2 9
10 10
5 1
5 8
9 10
4 7
4 3
3 2
1 5
6 9
1 7
2 5
5 10
9 7
6 6
5 2
1 5
1 2
7 6
9 10
5 10
8 5
6 5
7 7
5 4
2 1
4 6
1 6
9 9
6 8
3 10
4 3
6 1
8 6
2 1
1 6
3 6
7 3
6 8
7 8
7 6
3 4
7 8
9 10
4 8
3 6
10 4
2 10
6 9
7 5
1 5
3 8
4 7
9 4
6 5
10 10
9 5
2 2
6 5
2 7
3 6
1 8
6 1
3 7
10 3
3 5
8 10
2 6
6 9
3 3
6 6
3 7
3 8
8 6
6 9
7 3
3 4
10 7
7 1
3 6
1 4
4 1
4 1
10 5
3 8
7 9
1 4
9 6
9 6
3 1
9 4
5 4
3 1
5 1
1 5
10 8
7 6
6 6
4 6
4 4
3 7
7 8
1 8
3 3
1 1
7 6
5 9
1 6
5 5
4 8
1 2
8 3
7 7
7 4
3 6
6 10
1 9
2 8
6 5
8 5
4 2
1 5
6 2
5 9
9 10
4 3
4 3
1 5
4 1
9 5
10 7
10 1
1 7
8 10
10 3
8 9
4 8
6 7
2 4
7 6
8 1
7 2
6 8
3 2
9 8
8 3
3 7
6 8
9 3
4 10
2 9
1 10
7 3
9 8
3 3
6 8
7 4
4 4
9 4
9 2
10 7
10 1
4 2
9 5
8 6
1 9
3 8
9 5
3 6
1 2
8 6
2 2
2 1
10 8
6 9
4 1
3 7
6 7
3 6
4 9
7 7
3 8
7 3
9 3
3 3
9 7
2 10
4 5
5 6
3 3
9 2
4 4
10 7
1 9
9 10
9 1
6 3
2 9
2 4
1 7
1 1
6 1
10 8
9 9
2 3
8 6
7 9
10 2
8 10
9 5
5 1
10 7
1 7
7 2
9 7
5 10
4 5
2 9
3 3
5 1
8 1
5 5
10 3
6 1
4 4
1 1
1 2
3 10
5 6
1 9
3 3
2 8
9 1
10 3
6 5
9 5
2 9
2 5
1 6
9 8
8 9
10 7
9 6
3 4
8 1
6 8
7 5
5 4
3 10
9 6
8 1
5 9
6 2
5 3
7 3
7 9
9 10
3 2
7 8
3 9
4 3
3 4
1 9
1 6
7 10
5 2
6 4
8 2
1 8
1 4
1 2
9 5
8 6
6 1
3 10
10 3
3 5
2 8
4 6
8 8
2 2
7 8
5 2
9 5
10 10
1 9
5 7
5 1
1 9
7 2
6 2
6 6
3 5
5 4
2 6
8 4
6 4
1 10
8 3
8 8
2 3
3 6
2 7
9 4
3 2
2 2
6 1
8 3
3 9
6 4
9 7
2 6
8 5
8 3
3 1
7 6
5 6
3 7
9 2
3 3
8 4
2 2
6 9
5 1
4 4
5 6
3 9
7 4
2 5
9 3
6 3
4 6
2 6
2 9
9 8
8 10
6 1
4 1
10 4
3 2
8 5
2 5
2 8
8 6
10 3
4 2
7 5
2 1
3 7
9 3
9 9
6 2
6 10
10 10
4 1
1 10
3 7
10 6
9 1
3 7
8 3
8 5
6 5
8 3
1 7
4 4
9 3
4 4
5 4
6 6
9 7
6 3
5 7
10 5
10 5
6 3
3 5
8 4
4 3
6 2
1 1
4 3
7 2
5 2
8 5
1 2
5 7
4 3
6 9
3 3
7 1
10 1
2 3
8 3
2 2
10 1
5 3
4 9
2 4
9 10
1 2
2 6
2 1
7 6
6 8
10 8
1 7
7 3
2 10
10 1
9 6
4 9
9 3
7 3
1 2
9 7
5 3
3 6
2 7
1 8
3 4
4 5
7 5
2 3
6 8
8 7
10 3
1 10
8 9
6 2
6 9
7 9
6 6
1 6
6 8
2 8
1 1
2 10
10 2
1 5
5 2
1 3
5 1
9 10
8 3
8 3
9 7
10 6
4 4
10 5
9 8
6 6
7 6
1 6
5 6
9 3
5 10
3 2
10 2
6 7
3 5
10 7
1 3
6 8
5 7
8 2
1 7
5 10
5 4
6 1
1 1
5 5
9 3
5 9
3 10
9 5
10 4
10 3
10 9
3 7
8 10
9 5
6 2
10 3
10 1
3 5
6 7
2 9
9 8
2 9
5 5
8 4
4 1
3 4
8 1
9 9
9 1
1 1
7 7
5 8
6 7
4 6
2 4
3 2
10 7
8 10
10 9
1 3
10 10
7 5
5 1
9 2
3 6
7 9
8 8
9 1
7 4
9 10
7 3
9 2
6 1
5 2
7 5
1 3
8 10
8 2
7 7
2 3
10 4
5 7
8 1
10 7
7 1
3 4
9 10
10 3
6 3
8 8
6 2
5 7
2 8
4 8
10 4
9 8
6 10
4 5
10 4
4 4
6 5
4 2
5 8
8 8
8 8
5 9
9 4
10 3
10 10
3 4
3 5
4 3
7 1
6 8
9 10
2 2
1 2
9 4
5 5
5 6
9 5
6 1
2 9
3 9
10 7
4 5
4 4
1 2
1 3
6 7
2 4
2 10
3 7
9 7
5 9
8 7
10 7
8 1
10 3
8 9
10 4
7 6
4 10
2 7
6 3
9 10
8 9
4 7
8 9
5 3
2 1
5 2
3 4
5 7
7 1
1 7
8 9
6 2
1 3
3 5
10 4
9 6
1 4
2 2
2 10
9 8
10 5
6 4
7 4
3 7
4 7
5 1
7 2
4 10
7 6
1 10
1 9
3 9
4 2
8 10
9 6
3 9
8 10
6 1
2 7
3 3
5 1
2 1
10 7
4 6
7 5
5 8
4 8
10 5
8 1
1 8
9 8
10 1
10 2
1 7
1 7
10 8
9 2
8 1
5 4
7 8
4 9
6 10
7 4
9 1
5 3
4 4
5 6
5 8
5 10
6 7
4 10
2 7
2 2
7 2
4 10
4 6
4 6
8 8
1 1
10 4
9 5
2 3
1 5
3 5
10 4
8 3
6 8
4 5
10 7
1 2
3 7
5 10
6 7
9 7
3 1
6 3
10 6
7 8
2 6
1 4
2 6
9 7
6 10
9 10
4 10
4 1
3 4
10 5
3 2
7 7
5 10
9 5
2 1
10 4
1 3
4 9
8 5
3 8
4 4
9 1
8 10
2 10
5 4
6 6
2 7
4 5
10 3
3 9
5 6
6 9
10 3
2 9
3 3
1 7
10 5
7 2
6 6
3 4
1 4
6 1
6 7
6 7
6 2
6 1
5 4
10 5
3 8
6 7
4 1
9 2
10 3
7 5
10 8
1 10
6 4
4 6
8 8
9 9
4 9
3 2
3 4
2 9
8 3
2 4
6 7
6 6
9 5
10 3
7 10
3 3
4 5
9 9
2 4
2 10
4 6
8 9
2 10
9 1
8 7
7 6
5 3
2 1
1 10
9 5
7 8
8 9
3 10
1 3
7 9
10 3
10 8
5 5
4 10
8 7
1 1
1 3
8 4
5 8
4 1
4 1
2 3
10 2
9 10
4 5
8 5
1 8
2 1
9 7
6 8
3 8
9 1
8 4
3 2
5 10
1 6
9 10
7 1
4 2
6 2
1 3
5 9
4 3
5 2
10 2
3 4
5 5
4 1
10 1
3 9
6 9
10 6
10 7
6 2
7 3
10 9
4 4
9 3
8 7
3 6
7 8
2 6
8 9
10 4
5 5
7 2
10 1
3 10
8 7
8 6
2 1
2 1
1 2
3 10
10 6
10 2
10 10
6 5
9 5
10 1
6 2
3 7
9 5
8 9
2 4
5 7
8 8
2 9
4 1
7 10
8 3
6 3
6 9
7 5
10 4
1 9
1 1
5 8
4 3
6 10
1 5
9 5
3 1
2 6
2 3
6 3
3 3
1 2
9 4
2 7
7 5
9 7
4 3
10 10
3 5
2 4
1 5
7 3
4 6
5 2
1 4
1 9
9 8
9 10
4 4
4 5
8 8
2 8
7 6
5 9
3 4
8 10
2 10
1 5
5 2
1 7
1 3
5 9
8 6
5 8
10 3
10 8
8 5
6 6
3 2
1 4
10 10
5 10
9 1
3 2
6 2
8 10
10 7
10 2
7 7
2 10
6 6
4 4
5 2
5 5
9 9
5 10
6 9
4 2
7 9
5 5
4 10
7 4
5 5
5 2
1 9
9 5
4 9
3 9
6 2
7 10
6 5
8 7
1 10
10 5
10 4
10 5
8 9
7 1
3 10
9 8
3 10
3 4
8 5
1 5
7 7
4 9
10 6
3 10
9 10
7 4
3 5
10 4
9 9
9 7
9 9
1 10
9 8
8 1
5 5
9 1
3 3
8 8
8 7
5 9
10 2
6 6
9 3
8 9
1 8
2 7
6 5
2 3
2 5
9 4
2 7
6 9
8 10
5 4
5 6
6 9
8 1
2 1
3 9
3 4
8 1
6 6
7 3
10 8
2 8
10 4
6 9
2 9
10 5
5 10
5 3
1 4
1 8
6 10
7 9
2 3
3 3
5 4
9 3
3 9
6 6
4 2
10 1
9 8
4 8
8 6
5 6
3 1
9 2
3 4
9 8
2 3
10 5
7 8
4 10
4 1
8 3
6 10
8 6
7 10
9 6
10 4
3 9
7 3
7 3
5 4
4 3
10 8
1 5
2 2
1 3
5 2
4 8
6 2
7 8
4 10
9 10
9 5
8 4
9 8
6 5
2 2
3 7
3 9
1 4
2 7
9 1
2 1
8 6
2 3
8 6
4 8
2 10
9 1
1 8
4 6
10 1
10 7
4 10
8 4
9 10
9 6
9 2
4 7
10 10
6 7
5 7
5 3
6 2
9 9
5 2
5 3
2 4
9 7
4 5
2 1
9 2
6 10
10 5
7 8
10 1
9 5
2 3
7 5
9 3
9 3
10 7
4 2
3 9
3 8
4 10
5 1
10 8
4 7
2 8
7 6
9 2
4 9
7 3
2 1
7 3
6 1
10 9
3 6
1 9
7 2
3 4
8 10
10 10
10 6
6 5
4 6
9 9
9 3
4 3
6 7
5 2
9 1
5 9
8 1
8 9
9 6
10 5
10 2
1 1
9 9
10 1
4 10
9 4
6 3
1 10
4 9
1 7
2 2
3 8
9 4
10 2
3 9
10 4
10 8
6 1
6 10
6 1
2 7
1 5
6 10
10 8
9 5
3 1
7 1
3 1
5 2
1 2
6 8
7 2
10 1
10 5
7 9
1 9
3 1
6 10
10 4
3 4
7 5
8 8
7 9
9 10
2 4
2 1
4 10
10 2
8 4
7 10
2 9
3 6
2 5
9 5
2 7
4 10
1 6
3 1
10 1
4 8
5 4
7 4
3 10
9 8
6 5
3 2
4 6
9 4
3 6
1 9
3 5
8 10
8 10
1 8
7 6
7 10
5 2
7 7
6 8
8 6
8 5
9 6
7 9
1 5
6 6
8 3
10 3
9 6
1 6
2 1
2 4
7 1
3 5
7 1
4 6
2 10
2 8
10 10
3 4
5 3
4 10
9 5
4 4
1 4
8 10
2 8
6 7
3 4
7 10
6 7
10 4
5 5
3 8
1 3
6 2
6 10
3 7
2 9
10 2
5 2
2 3
8 3
9 4
6 10
7 1
9 8
9 3
6 1
9 5
2 8
9 7
3 8
6 10
4 2
10 7
8 5
2 2
8 7
6 1
5 10
4 6
3 8
5 7
2 9
6 4
8 9
3 3
10 8
5 9
2 4
2 8
9 5
7 1
1 5
8 7
9 8
5 3
4 6
2 5
2 1
6 4
8 5
5 7
7 7
2 6
2 5
7 7
9 1
7 8
7 10
9 9
8 10
4 9
2 9
2 6
9 9
3 4
3 5
1 1
6 4
9 1
3 8
8 10
5 9
6 5
3 2
3 8
1 10
3 9
3 7
2 7
5 8
8 5
3 1
1 8
10 4
4 6
3 1
7 4
7 10
6 6
6 9
10 2
10 7
6 4
8 7
5 2
5 3
6 5
2 3
10 8
2 5
6 4
10 2
10 7
6 7
8 9
6 5
2 10
3 7
6 9
2 8
2 6
6 3
4 1
10 6
9 2
7 9
8 2
4 2
8 5
3 4
2 1
4 5
2 7
5 5
3 9
6 7
7 3
4 2
3 1
9 9
8 3
10 7
4 8
10 7
7 6
6 1
3 2
2 10
2 7
4 7
9 6
7 9
2 3
3 10
1 1
9 2
8 6
9 10
6 3
8 7
5 4
9 9
5 3
7 5
5 3
1 8
5 8
7 7
10 1
7 8
8 7
9 3
3 10
8 5
8 9
6 10
2 4
10 1
2 8
1 8
3 1
3 9
2 8
2 10
7 5
4 4
2 1
3 7
9 10
4 3
10 10
9 2
1 10
10 4
2 8
5 4
5 3
8 8
2 6
9 4
3 6
9 2
5 7
3 5
6 3
10 10
1 3
2 1
2 5
10 3
9 6
6 4
9 2
9 1
7 4
10 10
6 8
8 6
9 6
3 9
6 5
1 10
6 4
8 4
10 8
7 10
5 5
9 10
3 9
4 10
8 7
1 1
2 7
2 6
8 5
6 10
2 5
7 6
9 6
10 5
5 1
2 5
1 4
7 7
10 9
1 8
8 6
5 4
2 7
8 7
2 2
8 8
6 9
6 2
5 5
1 4
4 2
4 2
3 9
8 3
3 3
10 10
9 4
10 4
7 1
1 10
1 6
10 3
1 7
1 7
1 10
2 7
9 4
3 4
10 9
7 2
5 1
6 3
2 9
8 10
3 10
8 4
1 10
8 7
5 8
8 3
2 7
9 10
5 10
5 10
6 5
5 5
8 8
3 5
5 2
4 9
9 8
7 8
1 9
7 2
1 10
5 10
5 1
10 3
9 4
7 1
5 1
6 9
2 1
10 8
9 2
3 9
1 10
4 2
8 10
1 7
7 7
4 4
7 10
8 7
4 6
4 6
6 5
8 3
8 5
1 5
6 4
4 5
10 2
7 9
1 5
5 7
9 1
9 1
4 6
4 8
1 2
2 7
2 10
3 8
6 9
8 4
5 3
4 2
5 4
2 6
7 6
5 4
8 10
7 3
6 1
3 3
1 4
1 9
5 9
4 6
6 1
10 8
5 6
6 2
2 6
5 3
9 9
2 5
7 9
2 5
5 6
4 9
6 10
8 7
8 1
2 4
8 7
5 8
2 3
6 8
9 6
10 4
4 10
9 3
9 6
8 9
5 5
1 2
5 7
9 6
4 8
6 10
1 1
8 10
4 4
8 4
10 8
2 1
2 7
1 6
10 9
9 5
7 3
6 7
5 1
6 9
5 10
6 5
6 7
3 5
6 4
3 9
9 8
2 8
2 10
10 3
3 10
1 9
1 9
2 8
9 1
4 5
5 8
5 6
10 7
10 1
8 10
2 7
10 1
2 8
7 1
7 8
1 8
10 5
4 6
3 2
5 1
8 7
8 4
5 5
3 5
10 10
7 7
6 7
6 8
9 1
8 8
10 9
1 3
9 10
2 1
5 8
1 6
1 10
6 7
5 3
2 7
9 6
3 9
8 3
8 8
8 2
3 9
2 7
1 4
6 4
7 10
5 7
10 5
6 1
6 9
4 2
5 7
5 6
4 9
1 1
9 1
3 3
8 8
8 2
1 5
3 9
2 7
4 4
1 8
6 6
10 4
1 2
1 5
10 10
10 4
4 3
6 6
10 4
8 3
5 10
10 3
1 10
2 3
9 3
2 7
9 10
10 3
2 5
4 1
1 10
9 8
7 10
9 4
8 9
7 4
10 5
6 8
4 9
6 5
9 1
1 2
7 5
9 1
7 9
10 9
4 10
3 4
7 7
6 1
5 4
8 4
9 8
5 9
1 10
4 7
8 3
10 1
5 2
6 9
10 5
6 6
9 6
1 10
3 7
5 8
1 2
9 10
5 9
4 2
10 4
5 2
3 5
8 5
10 1
8 1
2 2
4 1
2 4
3 4
8 3
4 5
8 2
10 2
10 5
4 9
5 10
9 1
7 1
8 8
4 8
9 6
5 8
1 8
1 6
4 9
2 1
3 7
5 6
2 2
2 6
1 2
5 7
8 9
4 6
7 3
10 6
4 8
1 2
9 4
4 8
3 2
3 1
2 8
2 6
3 4
2 3
10 3
5 2
8 4
4 7
10 3
9 3
6 1
2 6
9 5
3 5
9 10
9 4
3 3
1 1
5 2
8 10
4 6
9 4
4 9
4 6
6 7
9 9
9 4
7 5
5 4
1 4
4 2
6 8
3 5
9 2
5 1
10 3
9 5
4 3
7 6
10 2
8 8
4 3
4 2
8 2
9 1
5 3
2 8
9 6
1 8
9 3
2 1
6 6
4 6
8 4
7 1
1 5
10 5
3 5
1 3
4 6
9 2
2 2
10 7
1 4
6 1
9 10
8 4
3 7
8 7
8 7
8 3
3 10
9 2
1 1
1 1
2 9
9 7
7 1
1 5
1 7
4 8
1 9
1 5
9 6
4 3
4 2
1 7
3 6
7 9
5 1
7 9
5 2
9 7
7 9
5 1
9 9
8 8
6 3
9 8
7 5
2 10
5 7
6 6
3 3
3 5
7 5
1 4
4 1
3 9
7 10
10 2
4 8
2 7
10 5
5 5
9 2
8 1
4 5
5 8
5 10
9 1
5 5
10 5
3 5
6 4
1 1
7 2
4 9
4 5
1 9
1 6
2 4
10 6
6 2
9 3
3 9
10 6
7 1
8 6
5 4
7 10
2 2
5 2
9 1
7 4
5 1
3 7
10 1
8 10
1 8
8 1
10 10
9 10
5 5
8 2
10 7
6 2
8 7
8 10
2 3
6 7
8 6
6 6
5 7
2 2
6 6
8 4
1 3
5 3
9 1
1 4
2 3
3 7
10 10
1 7
5 3
4 9
10 8
5 9
5 3
6 6
5 8
3 10
8 10
7 2
10 8
8 7
8 4
5 5
5 4
4 6
10 3
3 7
8 7
1 6
5 9
4 1
1 7
1 3
3 4
3 9
8 5
9 5
10 5
4 5
8 2
9 2
9 4
8 9
4 2
1 7
6 1
7 2
1 7
2 9
7 5
7 4
6 7
4 6
4 9
3 7
2 10
8 1
7 1
8 1
4 5
7 9
10 4
7 6
6 7
4 6
3 1
5 9
4 8
9 6
5 6
4 4
4 1
3 7
5 6
10 8
5 9
5 7
9 4
7 1
9 1
2 9
1 4
3 7
10 1
2 4
1 5
3 3
7 3
5 6
8 7
4 10
10 9
6 6
2 7
10 8
5 1
6 7
6 2
4 2
2 1
1 2
7 3
6 7
9 7
8 6
9 8
7 8
9 6
7 5
8 7
7 9
7 9
7 5
8 3
4 1
1 5
10 5
3 9
1 4
5 8
3 6
9 4
2 2
2 8
9 9
2 4
9 4
10 2
1 4
8 6
2 4
1 6
8 7
8 7
4 1
1 6
6 5
8 6
10 4
8 3
5 3
3 10
10 7
3 5
3 3
5 10
4 1
1 5
1 3
3 1
6 10
9 8
1 8
1 7
3 2
2 8
7 1
7 4
2 9
6 6
5 2
10 1
5 2
3 7
10 6
7 8
10 8
2 5
3 6
5 4
1 9
5 5
8 9
4 4
3 1
1 5
4 7
4 4
3 7
10 6
3 10
10 7
4 10
3 5
8 6
4 3
4 8
10 4
1 2
8 5
3 4
7 4
9 1
5 8
7 10
8 7
9 3
8 3
2 3
5 5
7 5
7 9
2 3
8 5
5 4
4 1
4 10
7 7
6 2
6 9
3 10
5 7
6 1
9 1
10 5
10 8
3 1
4 8
7 9
1 8
3 5
3 10
3 10
5 3
6 8
5 4
8 5
7 1
7 7
8 10
4 3
8 10
9 10
5 5
2 6
8 1
6 5
6 7
10 2
6 5
3 9
4 4
9 7
2 1
4 3
7 7
9 4
5 2
7 5
4 1
6 4
1 4
10 10
2 8
10 9
4 7
5 2
2 1
7 10
5 9
9 7
1 7
8 7
3 10
9 2
10 10
7 8
10 8
3 6
2 4
10 4
8 1
10 10
5 9
8 9
8 1
10 8
8 4
1 1
4 9
4 7
10 9
1 6
1 5
10 6
6 5
9 7
10 1
6 4
2 4
1 10
10 7
5 1
4 8
1 9
8 3
6 10
6 6
10 4
3 9
2 9
2 4
6 1
4 10
7 10
1 4
9 1
6 4
10 6
5 9
2 6
3 2
10 2
7 4
2 4
9 2
7 2
4 7
1 4
5 5
9 9
4 7
5 8
1 10
4 1
10 1
3 8
3 6
1 4
5 2
6 10
5 7
10 4
10 2
9 3
3 2
9 3
2 7
7 1
4 6
10 7
7 10
2 5
2 3
10 2
8 6
3 5
4 4
2 1
1 4
5 2
3 5
10 6
5 6
4 2
7 9
2 8
3 7
4 7
5 10
5 7
10 3
6 7
5 6
5 7
2 6
8 5
4 7
8 5
8 3
3 2
1 6
5 6
4 2
9 9
5 4
2 1
9 3
3 2
4 1
4 9
3 9
4 3
3 6
2 3
10 1
9 2
8 9
3 4
4 3
1 3
7 8
8 10
6 1
9 7
1 8
2 5
7 2
1 9
7 8
10 7
1 2
7 8
10 2
9 9
5 7
10 3
6 4
4 4
6 5
10 4
1 3
5 2
7 1
5 1
1 3
8 10
10 6
7 9
6 4
7 1
7 6
2 10
4 1
6 5
10 10
7 6
1 3
8 1
4 4
2 4
2 1
3 7
5 5
5 3
7 2
9 3
2 1
6 10
3 4
10 8
5 7
5 1
7 8
8 8
5 8
8 4
5 7
8 5
3 5
13 19 83
15 18 50
19 17 75
20 11 67
10 15 53
13 18 62
20 19 75
19 18 95
13 12 74
13 19 72
20 13 80
15 20 63
17 20 55
20 16 51
11 17 67
17 13 52
19 19 57
12 12 60
14 12 95
14 14 81
19 14 70
14 10 89
15 13 87
17 10 79
13 12 86
20 14 90
19 14 99
15 15 89
18 14 100
10 14 61
14 12 84
12 14 94
12 19 64
12 16 58
20 13 56
17 14 95
10 17 73
11 18 58
11 13 76
14 14 69
20 20 66
10 14 80
19 20 74
20 13 99
20 11 77
19 15 53
14 12 67
14 16 94
14 18 92
17 12 54
16 16 63
14 18 99
19 10 92
18 13 73
16 18 50
20 20 82
11 13 75
16 16 78
17 19 96
15 13 70
17 15 100
20 10 73
14 13 75
17 17 61
15 12 79
17 11 90
12 19 58
13 14 60
10 14 85
16 12 71
19 17 57
20 16 73
20 14 53
13 15 85
14 18 75
20 16 78
18 17 65
13 15 98
14 13 66
15 18 74
18 18 77
20 14 52
19 14 97
20 13 89
18 20 53
13 10 90
16 14 92
11 19 81
15 13 82
17 12 95
11 12 97
18 10 66
15 15 53
14 19 80
16 18 92
12 18 80
10 14 58
10 15 71
11 12 71
15 16 52
17 13 96
17 17 84
11 20 83
10 19 98
16 16 86
11 18 55
10 12 58
10 12 82
19 10 63
19 14 95
17 12 55
19 19 93
17 14 56
20 14 75
20 10 62
13 16 75
19 16 61
16 14 84
13 14 97
15 19 89
19 13 90
17 12 58
13 15 59
15 13 66
20 11 72
18 19 68
16 16 85
12 13 94
10 20 94
18 14 82
17 14 59
11 19 94
20 13 94
15 18 88
11 19 62
16 17 62
10 16 88
18 12 75
11 11 76
20 10 60
14 14 57
12 14 87
16 19 88
18 15 90
13 11 72
15 14 69
11 20 53
20 11 66
13 14 52
14 10 70
10 10 56
14 14 95
13 12 58
11 16 63
14 13 78
19 11 100
18 18 51
19 19 69
16 16 95
16 10 69
17 19 86
18 13 88
15 13 92
11 20 62
12 14 75
12 13 89
17 15 58
19 20 63
10 11 94
19 11 99
18 19 55
12 14 53
11 18 92
19 10 75
12 16 72
13 20 79
16 20 87
13 19 91
18 19 59
17 14 59
15 12 76
18 18 82
14 13 90
17 10 81
14 12 80
15 12 57
10 18 67
13 18 88
15 16 89
12 13 56
16 15 93
15 13 58
11 18 60
17 11 83
15 18 95
15 13 61
19 10 74
13 19 56
16 13 63
10 13 55
16 12 91
16 14 81
12 13 79
16 10 82
13 11 70
12 16 52
12 15 67
14 20 99
15 12 86
16 19 81
12 20 88
14 17 55
11 16 72
11 12 88
16 15 56
18 13 58
13 14 59
17 10 82
10 17 87
10 20 54
16 15 59
12 17 73
18 10 67
19 17 58
14 17 52
17 16 82
16 20 50
12 14 81
14 11 66
17 13 96
12 12 72
12 10 52
11 17 64
14 19 86
14 11 93
15 11 81
11 13 55
10 15 85
12 12 75
12 17 89
20 10 57
11 12 88
11 16 93
18 19 98
15 13 60
11 12 53
16 20 86
11 19 64
16 13 55
18 20 93
12 15 72
12 12 75
10 18 82
18 10 97
17 10 75
17 20 53
17 10 60
14 12 96
12 16 94
19 19 87
14 10 94
20 14 76
16 12 56
20 18 53
15 18 66
20 12 55
15 20 89
10 20 100
11 12 77
13 13 55
13 13 90
13 15 53
18 10 73
10 19 51
13 16 90
16 10 54
12 16 70
11 16 93
13 11 93
18 18 87
19 16 86
19 17 61
17 18 64
11 13 74
10 20 69
10 17 79
10 16 69
17 19 50
20 11 92
12 18 72
17 15 82
20 10 100
13 19 72
13 11 93
12 11 63
16 11 85
20 12 67
18 13 58
20 18 70
17 16 83
16 19 86
12 15 55
10 15 82
11 12 87
17 15 93
11 15 79
20 13 63
17 19 94
16 20 92
11 20 60
11 17 85
13 10 70
10 12 50
16 17 80
10 14 66
14 12 58
15 12 80
12 19 99
18 11 84
16 13 83
11 16 72
14 13 88
14 20 89
18 16 66
20 20 82
20 13 93
16 11 71
15 20 51
20 17 99
19 16 95
13 10 95
20 14 82
10 19 89
11 14 67
17 11 94
17 12 73
13 13 84
19 11 79
18 18 51
20 15 55
12 11 60
15 17 94
17 15 50
17 19 78
18 18 71
10 14 63
16 11 52
19 10 94
16 20 57
19 14 90
20 19 76
13 13 82
20 17 79
10 15 88
10 15 67
18 16 63
16 10 91
16 17 92
17 11 75
15 18 93
19 20 98
19 15 95
10 20 62
12 20 97
20 12 61
16 13 93
13 10 90
13 18 93
10 18 100
16 15 65
12 11 77
11 18 79
16 12 79
10 13 74
10 11 66
16 15 56
16 15 52
13 18 66
11 20 62
15 20 65
11 20 69
14 10 52
17 16 92
16 15 86
14 15 93
16 16 56
12 20 79
13 15 62
10 18 87
18 13 93
15 16 62
20 12 82
17 10 99
12 16 88
13 16 72
12 14 79
20 19 74
10 19 100
11 20 69
15 13 94
16 17 82
15 16 70
18 12 94
20 12 100
20 11 73
17 17 91
14 11 74
15 11 78
19 18 55
15 11 53
18 11 96
17 14 60
11 14 57
11 12 90
12 17 76
13 13 59
17 14 92
10 14 100
14 17 83
16 19 64
13 13 82
12 13 77
11 17 68
18 14 84
14 18 64
18 20 55
20 19 78
10 20 61
19 19 90
10 19 84
14 15 60
18 17 67
16 20 77
11 18 77
13 11 57
19 19 79
19 17 77
19 11 92
16 18 71
13 13 51
11 20 100
20 12 93
20 18 75
15 13 96
11 11 60
13 14 98
10 19 87
20 14 62
13 10 62
16 11 71
20 17 78
17 14 72
13 20 100
11 19 80
20 19 58
10 16 90
14 17 50
16 12 54
18 11 80
12 10 84
13 14 74
19 12 81
17 19 53
13 14 97
16 13 83
11 15 66
15 20 66
10 13 62
16 10 54
16 10 88
13 16 89
17 16 63
14 20 50
13 10 82
11 17 60
13 17 70
13 17 87
20 19 91
13 10 51
15 15 67
10 19 94
13 16 84
20 10 80
18 20 92
19 15 60
12 15 75
20 12 50
15 13 89
12 12 68
20 18 67
14 17 75
19 10 95
11 11 57
18 10 85
20 19 68
19 10 53
15 15 79
16 19 69
11 19 64
11 12 85
10 10 79
17 11 60
20 17 82
16 18 73
18 18 64
15 19 77
13 20 62
19 11 84
19 15 74
15 16 68
15 19 84
19 14 94
10 14 74
13 13 60
15 18 79
13 17 68
17 15 97
12 17 59
20 10 99
17 10 64
14 10 60
16 17 98
16 13 88
19 13 95
18 14 57
11 14 95
10 20 50
13 11 56
14 12 50
11 18 78
16 15 86
18 16 89
13 16 56
16 18 86
20 20 78
17 16 84
18 12 83
10 11 94
11 12 65
17 19 84
15 17 65
19 12 99
13 13 69
13 16 51
19 17 69
17 15 89
11 18 61
18 12 65
14 11 81
20 12 82
10 20 82
18 19 93
16 14 69
20 15 96
10 13 80
14 16 91
10 19 97
12 18 68
13 19 100
14 11 82
13 18 73
19 19 58
15 18 58
16 14 84
19 20 80
13 11 83
11 10 65
19 19 59
15 11 88
11 12 91
18 12 82
11 14 89
18 14 89
19 13 50
11 18 99
16 14 90
12 10 83
13 20 59
15 15 66
16 15 97
10 17 86
11 19 62
17 11 98
20 14 55
13 20 53
18 16 51
19 10 74
20 11 54
11 16 67
19 12 57
19 11 51
11 12 61
16 11 59
15 20 90
17 14 66
20 10 69
10 18 92
18 20 67
12 18 85
14 16 76
11 15 86
14 15 83
19 15 54
14 16 52
12 13 65
12 20 51
12 19 63
18 11 61
17 11 61
16 17 76
20 20 54
14 11 87
18 13 69
15 14 98
20 14 99
16 13 92
11 20 53
12 13 55
13 18 53
13 13 86
13 16 63
14 17 68
10 11 51
11 20 84
18 19 55
10 11 82
19 14 82
14 17 61
20 15 81
14 18 83
18 14 85
19 13 68
19 19 63
16 12 74
19 19 98
14 16 76
17 18 77
12 18 94
14 20 72
15 10 75
16 10 53
17 18 60
13 20 86
14 11 83
19 12 94
11 13 92
17 19 76
10 10 55
17 12 53
12 19 52
18 20 66
11 19 79
17 14 89
18 15 62
10 15 51
16 17 90
11 13 65
15 15 67
13 10 50
11 14 60
11 17 83
16 15 57
11 17 87
16 11 65
18 15 76
17 10 91
17 11 90
16 10 86
11 17 83
16 11 94
15 14 84
13 10 99
12 15 99
14 19 81
14 20 66
20 18 69
12 11 67
20 15 88
18 16 85
11 15 61
15 20 90
15 18 93
18 15 79
15 16 64
10 17 88
20 15 79
16 10 85
16 18 51
15 10 94
16 17 55
11 12 100
11 18 73
13 11 90
16 18 96
20 19 100
16 17 52
20 19 67
12 12 96
18 11 70
17 10 67
19 20 52
14 13 58
17 19 59
14 17 59
19 11 97
13 19 74
17 12 100
13 11 65
14 13 74
11 14 77
14 11 55
14 15 79
14 15 93
18 16 86
18 15 59
18 14 91
18 16 90
11 10 74
12 12 61
15 18 99
12 10 50
16 15 56
20 15 71
15 10 70
14 20 56
11 11 50
14 17 81
16 14 70
12 10 51
17 14 81
10 11 70
11 11 82
16 10 61
17 10 51
14 10 77
20 12 65
13 16 57
11 10 65
20 17 79
14 10 100
15 18 98
19 17 70
15 16 85
12 18 62
12 14 72
11 13 76
16 15 61
13 10 50
13 15 86
12 12 50
19 18 57
15 10 60
20 19 64
17 19 97
12 14 90
20 10 50
13 18 82
17 11 72
20 19 51
13 18 51
16 14 77
14 17 69
11 14 95
20 19 85
18 17 55
14 20 97
20 14 98
17 11 84
11 17 61
14 10 72
14 19 50
13 20 83
19 15 55
10 20 59
20 11 81
12 12 89
12 12 85
10 11 57
16 11 50
14 13 73
13 16 76
16 20 84
16 12 66
15 16 57
14 11 86
12 10 56
17 17 63
15 15 58
12 10 84
19 16 56
18 20 53
14 13 89
13 20 66
15 16 71
12 19 95
13 13 57
18 12 88
18 10 89
14 10 95
18 10 91
18 17 55
14 19 81
15 12 63
13 20 76
20 18 60
18 12 96
14 12 58
18 13 75
19 11 76
16 11 98
18 17 57
16 14 97
16 11 72
12 11 68
10 14 89
20 10 64
13 16 60
13 14 50
16 16 73
13 10 88
14 14 78
19 14 78
12 10 98
10 18 73
19 12 61
18 15 74
12 16 94
20 19 90
18 14 72
18 15 52
19 20 66
10 12 93
16 13 93
20 20 51
13 11 86
20 10 97
20 14 67
20 15 91
11 19 87
20 18 88
14 12 78
14 17 71
10 20 63
16 14 88
17 16 90
19 13 90
13 13 97
19 19 77
19 16 51
12 18 78
19 10 93
13 19 58
12 15 91
18 14 93
16 10 60
12 16 77
12 11 68
20 11 58
18 15 85
19 15 81
18 13 85
19 19 59
14 15 82
17 17 50
12 16 85
18 18 97
16 16 65
20 17 60
12 18 82
13 13 68
16 17 55
19 20 52
11 15 53
12 18 69
13 11 81
17 19 77
16 15 68
18 19 70
12 13 53
10 19 79
14 11 59
15 10 82
12 13 67
17 10 73
15 13 87
17 11 84
19 15 67
16 16 93
11 20 62
17 16 63
13 14 70
16 13 93
11 15 57
13 11 81
14 15 94
11 20 75
16 15 63
18 14 100
16 15 99
10 13 51
10 19 87
17 20 59
12 17 89
10 19 77
10 18 98
18 20 92
10 16 53
18 13 72
11 14 100
13 12 66
19 20 88
10 16 75
20 13 69
16 13 68
15 10 59
10 17 81
17 17 60
13 14 62
19 10 80
20 17 66
13 14 68
14 11 98
16 12 73
13 19 98
20 18 66
19 14 55
10 19 77
18 12 56
16 12 60
16 15 64
19 13 95
11 20 80
10 13 56
16 16 57
17 15 81
11 13 69
13 15 62
20 17 83
18 17 85
18 12 90
10 18 96
20 19 92
15 14 94
20 15 70
20 17 94
13 19 93
17 18 56
16 13 91
20 16 65
14 18 84
19 13 88
12 18 64
20 20 55
13 14 94
17 13 54
17 19 72
17 14 53
17 10 59
12 11 67
15 11 64
11 15 78
11 20 81
12 17 98
10 17 71
12 15 94
14 19 54
10 13 68
18 10 59
12 13 87
15 16 69
18 17 72
11 12 91
18 11 50
12 12 92
16 10 53
18 19 65
13 10 65
13 17 83
20 15 95
10 12 73
20 20 84
15 10 75
15 15 81
20 16 68
17 11 92
13 16 99
18 11 89
20 20 69
10 17 64
17 20 77
13 11 81
20 20 67
20 15 97
16 15 92
11 11 68
20 10 94
12 18 51
10 15 67
10 18 98
20 18 63
14 11 58
20 14 61
13 12 95
14 10 82
17 16 74
17 17 54
20 18 76
19 20 65
11 15 67
18 12 93
12 10 64
16 12 84
13 14 68
11 13 80
11 14 76
19 14 54
13 15 77
10 20 66
18 16 68
16 16 62
11 18 72
14 13 69
10 11 72
18 18 58
18 10 85
11 16 88
12 10 57
10 18 95
12 20 63
18 10 92
16 11 79
11 11 83
12 17 78
10 20 65
11 20 93
16 13 90
20 18 62
12 15 60
11 18 93
12 10 77
10 11 89
15 18 73
19 20 51
14 11 55
12 15 77
17 10 87
11 13 78
12 18 50
13 14 68
11 14 64
12 17 64
11 11 58
18 14 63
15 18 71
14 18 50
16 17 85
18 15 91
11 10 86
16 13 55
14 16 82
11 11 81
17 14 83
17 13 60
18 20 71
18 20 71
18 13 73
16 16 50
17 14 72
13 11 64
14 18 87
11 18 100
10 19 80
20 19 81
15 20 82
17 20 72
17 16 65
15 19 82
17 14 57
13 20 81
20 18 52
16 18 82
18 14 55
14 12 59
19 10 70
17 18 82
11 17 84
16 10 70
18 11 86
12 13 79
19 11 83
18 20 73
16 16 86
10 20 66
12 11 99
14 19 79
20 17 97
20 12 60
14 16 99
13 13 56
13 17 73
10 19 65
20 18 55
20 12 64
19 13 60
10 19 52
14 20 72
20 17 74
17 15 83
14 13 98
15 16 56
12 16 54
17 18 86
16 11 79
12 15 55
13 11 55
14 11 85
20 19 68
16 14 96
17 11 66
19 10 65
11 13 91
20 20 89
10 14 78
18 14 56
13 14 50
14 12 82
17 13 87
15 12 61
15 14 76
11 11 80
10 13 73
20 13 86
13 19 66
17 20 94
19 10 71
14 19 82
10 15 62
14 16 55
13 11 53
10 13 99
14 17 62
10 16 83
17 13 50
17 18 96
13 16 71
15 17 78
19 19 61
10 19 81
15 17 64
18 15 75
16 13 76
10 19 67
15 16 90
19 13 81
19 16 60
11 11 76
17 14 73
13 20 69
16 19 58
10 16 91
14 12 93
16 17 61
16 12 93
10 14 94
15 17 81
17 15 62
15 14 87
14 15 79
15 17 59
14 16 78
11 15 96
16 10 67
18 11 54
16 18 64
17 19 80
16 16 91
14 10 70
15 18 77
14 12 93
16 17 53
18 17 61
16 15 75
20 16 75
11 16 70
10 14 68
12 20 74
10 17 66
13 13 73
14 16 85
12 11 76
18 16 68
20 14 97
20 11 57
19 12 58
10 19 93
18 14 82
18 13 59
12 10 67
16 16 54
11 20 65
19 13 68
10 20 60
10 11 74
16 10 69
10 11 96
13 17 55
11 19 86
14 15 50
13 20 58
18 16 90
15 13 79
18 15 92
20 18 77
16 20 62
10 19 100
13 16 98
12 13 78
11 13 82
12 14 52
16 15 55
11 14 88
18 18 68
10 18 56
14 20 84
12 11 56
13 20 86
13 10 68
11 20 65
11 17 62
16 17 62
15 14 66
15 19 60
12 13 61
20 13 98
19 11 85
16 20 94
19 10 55
12 10 99
10 19 70
11 20 74
14 10 68
20 13 53
19 20 88
17 10 50
17 15 97
16 12 98
18 17 98
11 10 60
15 17 55
19 16 90
16 11 93
14 10 67
16 16 72
13 16 87
10 20 75
16 13 77
10 18 98
12 18 56
20 14 71
20 12 52
20 16 50
10 19 74
15 19 96
11 19 98
10 19 83
16 19 77
19 10 53
14 17 93
12 14 89
14 18 93
18 20 61
11 20 83
14 12 64
12 18 65
18 20 85
10 19 59
10 19 61
12 12 56
10 18 100
20 18 62
15 16 91
13 11 53
13 20 95
16 13 72
17 11 95
17 14 79
10 15 59
16 16 98
13 19 75
15 19 95
18 14 98
14 18 50
14 18 86
17 12 79
12 16 67
12 11 89
13 14 83
13 16 98
10 18 71
10 19 82
12 13 61
12 18 91
17 12 68
18 10 96
13 17 76
11 20 97
10 18 53
17 13 92
18 17 92
18 13 82
18 15 62
13 18 95
17 19 59
11 10 98
10 12 80
20 19 78
13 15 86
15 12 69
14 20 62
16 17 81
15 20 74
18 20 99
13 17 51
12 18 82
14 15 79
17 17 86
10 20 82
19 11 63
18 15 80
14 16 71
10 15 73
14 20 56
14 20 77
14 17 52
20 19 74
11 17 52
19 17 68
14 20 51
19 20 87
16 17 69
14 16 53
14 16 94
17 19 85
15 13 60
10 13 72
12 13 100
16 16 55
18 17 57
17 20 91
15 10 90
15 11 53
18 18 91
12 10 52
12 13 95
11 18 98
16 11 72
12 11 73
10 12 80
15 18 75
13 13 53
16 19 85
14 14 64
17 12 86
19 14 70
16 18 55
14 14 81
11 16 56
16 15 74
17 11 99
16 18 72
17 16 98
16 15 79
14 18 72
12 16 83
15 14 97
19 13 83
18 19 96
12 11 67
15 14 82
14 11 90
18 12 98
19 14 67
18 17 64
18 17 85
10 15 80
13 14 80
19 20 68
12 12 74
19 20 53
14 10 55
20 17 55
17 17 63
14 16 96
12 16 64
18 18 61
14 18 55
16 16 74
16 16 89
16 19 86
13 13 50
16 18 62
15 13 89
15 16 86
16 11 65
10 10 77
17 10 79
15 19 66
14 13 69
19 10 88
18 12 81
17 18 52
12 13 86
20 14 63
18 15 71
18 12 51
20 15 63
16 11 82
18 13 82
16 11 73
13 16 54
20 13 91
17 13 69
20 18 81
14 14 94
12 15 85
10 18 70
11 17 80
19 15 72
20 10 72
17 20 96
16 12 67
19 20 83
13 15 57
15 20 95
12 20 57
17 18 53
13 16 77
18 20 94
15 17 69
20 11 83
15 14 66
12 18 81
19 11 65
13 11 60
17 18 79
13 16 66
12 11 84
10 16 68
16 17 54
20 10 66
18 19 54
14 18 97
16 13 54
20 17 78
20 15 65
12 13 64
16 20 99
14 14 81
19 19 81
13 15 70
19 15 99
14 12 75
10 13 71
14 19 72
11 11 72
11 14 67
17 11 65
12 18 74
10 15 73
15 11 82
16 11 88
12 18 91
19 15 66
12 18 95
19 12 56
19 19 92
17 18 78
20 13 75
18 18 93
17 17 67
17 13 71
11 15 92
14 16 100
19 13 81
17 20 71
19 10 57
12 14 50
15 15 71
19 13 74
12 16 68
17 15 81
16 15 91
18 12 94
20 14 89
12 16 88
19 16 51
12 19 53
19 17 85
16 14 72
14 20 57
16 13 58
11 12 82
20 13 67
20 12 91
12 18 98
19 14 68
11 12 85
17 12 67
12 18 97
19 15 61
11 11 64
14 17 73
13 19 93
15 16 62
14 14 53
20 13 55
18 11 59
18 19 50
13 17 87
17 17 62
11 18 92
18 18 78
20 13 64
19 19 61
16 18 85
17 15 50
13 19 72
10 10 62
17 12 87
11 11 56
12 11 53
18 11 71
12 17 90
16 18 52
13 14 95
14 10 76
11 17 77
20 16 61
17 11 79
15 14 83
15 19 53
19 12 92
10 16 79
16 16 64
20 13 56
10 10 53
18 10 64
13 15 78
17 12 68
11 13 68
16 18 60
20 13 58
12 16 81
10 19 84
13 18 94
18 14 71
18 20 93
20 14 56
18 13 90
10 10 64
14 15 72
15 14 72
11 17 92
10 10 67
11 19 56
16 19 50
11 18 54
14 13 67
19 14 80
11 10 86
17 15 100
15 10 56
15 18 63
16 19 57
15 16 76
15 10 92
12 10 76
17 17 70
13 19 100
19 20 81
16 10 56
20 11 56
17 16 67
11 16 77
11 18 51
15 19 66
10 13 51
17 16 80
14 11 93
18 11 66
17 17 85
20 16 81
20 10 93
18 19 58
19 20 97
10 15 66
15 12 76
13 13 89
13 13 60
10 16 69
10 10 74
20 18 66
19 15 55
10 11 84
11 16 73
15 13 80
13 10 52
13 18 51
11 14 64
20 18 89
20 18 93
11 12 97
18 20 92
17 17 54
18 11 72
15 15 99
15 18 52
11 17 70
16 19 60
14 12 77
14 20 96
10 14 71
10 18 81
11 11 65
17 17 57
15 20 99
20 12 57
20 11 58
17 17 71
12 19 94
13 13 85
17 18 94
10 12 82
11 12 73
14 18 57
13 16 92
18 11 93
17 14 70
14 12 59
18 18 56
12 15 70
14 18 72
16 15 88
18 16 71
10 10 50
15 10 99
17 10 50
16 11 86
14 16 75
12 11 54
11 19 97
15 11 87
18 17 62
17 20 95
15 19 53
13 19 76
10 10 67
13 10 63
15 11 65
11 14 62
20 15 52
12 16 90
15 17 92
10 10 81
15 17 59
11 11 75
14 20 53
14 19 98
14 15 77
15 20 92
13 17 80
12 11 92
20 16 90
13 11 61
12 20 55
17 10 62
17 15 89
12 20 55
19 12 64
20 12 62
19 19 73
12 13 64
10 13 51
13 13 82
14 11 99
20 20 84
10 11 82
15 11 79
14 20 86
19 20 89
15 15 77
16 10 100
14 15 66
19 11 72
14 16 59
18 16 78
19 12 88
16 17 100
15 19 62
12 15 69
18 15 89
17 12 58
19 16 52
14 13 62
15 18 53
11 12 88
15 12 52
14 14 83
16 10 79
16 11 90
17 16 63
14 17 91
19 13 53
15 20 98
16 20 100
20 18 60
10 18 64
14 18 82
14 14 94
12 16 100
10 18 91
12 11 85
20 20 58
11 10 69
17 14 74
20 11 76
17 17 55
18 13 91
13 14 68
18 16 64
18 11 51
19 17 65
15 13 99
12 12 94
11 19 66
15 12 84
13 10 71
16 15 84
10 16 68
10 11 88
15 13 56
18 13 95
14 18 81
10 16 100
16 15 73
18 18 57
13 14 98
20 18 60
18 17 67
12 10 75
14 18 55
14 18 58
11 16 71
10 20 60
11 14 69
10 16 58
10 13 78
11 13 70
19 20 57
19 20 60
17 18 54
20 12 85
18 14 51
11 14 78
19 20 70
11 15 82
18 13 58
19 14 50
16 15 97
12 17 61
19 15 69
12 12 52
10 20 84
18 11 74
11 19 81
16 18 96
16 14 54
15 19 73
17 15 79
16 19 94
19 16 56
17 13 76
14 15 59
15 13 63
12 16 57
14 18 59
13 10 73
12 17 84
20 18 72
15 18 95
10 18 100
13 11 53
10 14 90
18 18 65
17 19 86
16 19 96
15 15 91
11 10 82
15 16 71
18 14 88
16 11 52
20 14 89
20 16 61
18 19 89
12 15 51
18 15 87
16 14 60
16 13 78
12 14 90
11 13 78
12 11 60
19 12 51
10 14 93
17 12 87
11 15 65
15 15 85
16 18 96
14 17 73
14 17 66
20 20 86
12 13 56
17 17 92
17 19 68
14 18 54
17 10 82
17 20 95
11 16 82
18 18 57
18 17 100
15 18 90
14 17 100
12 16 60
19 14 93
15 19 53
16 17 76
15 14 59
12 20 59
11 16 75
10 19 85
16 14 55
20 16 65
12 20 91
14 15 54
14 19 83
19 13 94
19 11 76
10 11 87
18 18 59
18 11 65
14 15 55
10 15 96
15 16 55
19 17 75
12 15 78
10 16 95
12 20 82
12 20 90
10 16 55
10 20 54
17 11 75
17 18 75
11 20 50
20 12 95
17 11 71
13 15 65
16 20 86
12 17 72
11 18 100
10 16 82
18 20 69
20 14 66
20 10 95
20 20 71
18 18 80
14 11 80
18 17 60
13 10 65
14 17 83
11 10 79
15 13 62
10 15 69
20 10 61
20 15 96
17 11 55
10 19 66
14 19 89
17 12 71
19 16 70
17 20 56
19 15 95
12 18 74
16 17 81
18 11 94
14 15 100
20 19 72
19 17 78
19 14 87
18 11 54
16 19 90
15 18 77
19 20 97
12 15 63
11 12 87
16 12 59
17 11 89
16 13 74
16 19 69
19 12 97
20 19 54
14 11 91
20 15 60
19 13 71
16 18 76
12 13 72
12 19 61
17 14 90
13 14 66
11 17 85
13 15 92
18 10 80
11 12 94
10 11 97
11 20 56
15 10 92
16 10 60
18 12 78
20 19 59
15 12 57
13 19 74
20 13 95
15 12 51
19 18 66
19 12 72
14 15 65
12 10 100
11 19 93
10 17 96
19 16 89
15 13 58
19 17 61
10 20 92
13 11 96
15 17 68
20 19 89
11 15 84
11 10 57
15 12 56
15 12 90
12 13 91
11 11 97
15 17 86
11 10 74
20 20 62
17 11 93
20 14 78
12 13 58
17 13 55
18 20 64
14 10 96
12 20 53
15 20 66
20 16 98
15 15 62
14 12 64
17 14 56
11 12 51
17 19 93
18 19 100
18 17 73
14 14 90
11 18 97
19 12 83
17 18 93
17 10 82
18 18 93
15 20 69
12 20 86
16 18 63
12 13 53
14 20 100
19 13 89
13 17 79
11 14 84
19 14 51
12 19 53
20 10 55
15 17 74
17 18 67
13 10 66
15 16 65
14 14 98
17 10 95
18 11 59
19 19 60
17 10 57
19 16 71
16 19 83
10 15 58
14 16 92
16 19 68
15 13 92
16 18 93
17 11 76
17 11 70
11 13 66
18 16 80
11 13 100
15 15 83
16 16 81
16 15 86
13 20 99
17 12 87
14 19 68
16 10 66
11 20 62
14 12 89
15 12 91
17 16 95
12 12 60
18 19 84
11 13 76
12 10 72
19 11 93
14 19 50
12 19 80
19 10 79
16 19 78
14 19 63
12 19 84
15 11 69
19 16 81
20 11 57
10 19 81
11 19 89
12 20 55
18 16 71
20 16 93
18 13 68
17 13 71
17 11 67
17 11 95
13 19 99
11 10 83
12 16 51
16 16 69
16 15 56
14 14 79
12 19 96
13 20 65
18 11 98
18 15 51
10 16 100
19 17 53
19 11 56
10 16 66
10 15 53
14 10 76
15 12 52
17 10 78
16 15 76
20 20 95
20 14 89
17 13 89
10 16 53
18 16 70
19 16 54
10 11 99
10 17 74
16 12 57
17 15 96
20 15 57
14 10 88
16 10 68
19 11 61
10 16 50
18 17 68
16 14 96
16 20 92
15 19 100
14 13 56
12 12 97
17 13 86
18 15 68
17 19 98
13 14 57
19 13 53
18 17 59
14 16 64
17 16 54
11 11 100
11 14 93
14 12 78
19 19 55
18 19 94
14 19 71
12 14 72
16 11 80
17 20 54
18 18 89
12 16 81
20 11 71
16 11 90
18 11 52
19 11 82
13 19 90
13 18 79
20 16 78
11 10 86
10 20 68
16 19 75
17 11 66
11 14 65
11 10 69
16 16 55
10 19 55
15 11 82
10 20 63
13 10 76
19 18 54
18 12 69
20 11 64
15 18 80
19 12 64
14 10 56
19 19 78
14 13 58
18 14 84
11 17 89
17 12 83
18 13 91
19 19 50
10 14 57
16 20 64
18 15 68
11 14 72
14 17 68
11 12 70
12 16 56
16 17 70
10 20 68
12 14 77
15 20 77
17 16 82
20 18 93
14 16 81
11 11 60
13 10 76
12 15 69
16 12 94
15 19 99
12 18 74
11 15 87
14 13 72
19 20 97
20 18 69
16 19 66
15 18 78
15 13 87
18 18 92
10 12 88
20 18 63
18 11 98
20 11 58
12 14 63
17 18 77
17 19 51
10 20 55
20 19 65
16 16 84
18 10 59
13 16 100
17 15 52
18 19 77
17 19 64
20 15 59
19 19 59
11 13 75
13 15 89
20 20 78
18 17 85
18 20 68
11 12 82
18 16 74
18 15 61
20 12 91
14 18 66
11 16 65
19 14 80
20 13 66
13 13 68
16 18 62
15 12 90
19 12 83
19 17 70
13 13 73
14 18 90
14 12 98
12 15 80
14 19 68
16 16 63
19 11 61
20 15 64
17 10 63
18 11 68
14 10 81
20 11 88
11 15 93
17 14 76
16 15 53
13 13 65
11 17 67
20 17 74
11 10 68
18 16 78
13 17 91
17 19 62
19 17 60
17 12 82
20 16 65
15 19 60
10 13 90
18 20 50
13 20 57
11 12 76
14 18 81
15 15 84
13 11 71
20 18 71
10 15 56
14 13 98
19 12 55
15 16 72
14 10 70
15 10 85
18 13 58
12 17 56
11 15 94
20 15 95
18 11 53
20 12 57
13 14 62
19 19 68
10 18 61
20 16 63
11 18 51
15 14 90
19 20 91
19 13 76
13 18 90
11 15 52
12 14 61
20 14 94
11 19 94
12 13 55
17 18 93
12 10 89
14 19 68
13 15 77
20 20 89
19 16 83
11 14 77
12 15 93
10 18 55
20 20 99
17 12 73
18 11 76
19 17 99
15 15 52
15 10 55
13 14 92
14 11 98
17 19 71
11 10 52
20 18 65
10 16 92
19 20 70
11 19 52
20 16 68
17 12 82
16 11 69
12 13 89
17 16 87
16 12 71
15 20 79
16 13 97
10 18 65
19 20 66
14 12 55
17 14 55
15 19 78
18 19 59
14 11 88
17 17 79
10 12 92
14 14 94
15 12 50
15 15 84
17 12 89
16 14 82
15 15 69
19 19 62
15 10 73
15 11 62
12 12 85
20 15 58
14 16 64
16 20 79
16 13 65
20 18 89
20 10 90
17 12 75
18 18 66
11 15 78
10 20 58
10 20 98
13 15 53
19 13 84
12 16 77
20 16 71
11 19 96
19 13 75
11 13 57
15 16 78
10 14 90
14 17 84
15 15 64
12 17 70
18 19 55
18 16 73
11 20 95
15 15 78
16 20 75
16 18 85
20 15 77
10 12 71
14 19 65
15 20 59
18 13 100
13 13 63
11 18 63
15 15 60
11 18 70
10 13 85
13 15 83
19 13 54
15 19 63
19 13 66
12 12 97
12 11 83
12 11 84
11 15 66
16 20 64
11 14 82
16 11 55
18 10 99
15 20 62
12 18 71
19 13 50
18 13 98
18 18 95
20 13 76
16 12 50
12 16 68
20 10 76
16 10 90
15 16 85
16 14 68
14 16 93
17 16 52
16 10 86
19 10 100
20 12 59
18 16 96
16 12 50
10 13 71
17 14 52
10 12 67
11 17 59
14 16 83
20 13 66
10 16 72
10 12 77
18 18 71
19 15 66
19 20 87
17 19 75
10 10 66
12 19 58
20 10 83
14 13 97
15 18 83
13 10 98
20 15 66
15 13 78
18 10 93
19 10 75
15 15 58
11 14 97
16 12 66
16 20 76
15 14 93
16 11 59
17 17 52
20 11 90
18 15 73
15 19 100
19 19 63
20 15 52
16 14 73
15 17 97
14 10 69
19 15 55
10 12 61
11 16 95
15 10 75
11 16 81
14 12 70
14 11 59
20 17 50
20 10 52
12 13 56
16 13 84
13 19 91
13 18 86
17 15 59
18 11 82
19 17 64
10 15 53
15 14 98
17 20 59
16 16 65
19 20 74
12 20 84
11 18 100
14 20 58
18 11 94
15 17 54
14 20 99
15 15 88
16 12 73
14 12 76
19 13 70
18 19 62
19 16 80
16 17 86
10 15 89
13 16 93
10 18 71
13 16 87
16 16 82
17 15 80
10 15 87
16 19 65
20 12 59
20 12 80
16 16 61
10 10 95
11 15 98
14 10 64
18 20 91
14 18 58
17 15 87
15 13 80
16 17 79
16 15 96
20 15 91
20 19 63
16 19 50
10 18 89
19 15 52
15 19 69
13 18 90
16 11 58
10 15 58
10 14 73
12 20 66
13 19 100
18 12 86
14 20 78
10 19 90
10 11 57
20 15 70
18 15 97
12 18 56
12 15 91
10 10 87
13 19 98
15 14 78
10 17 64
12 17 100
12 14 62
15 12 93
11 12 93
16 19 93
10 17 76
20 10 62
19 13 84
10 17 90
18 15 93
10 18 61
14 19 71
20 12 79
15 15 95
20 16 68
13 12 66
12 20 86
18 20 98
13 17 79
12 15 74
19 19 72
15 13 99
18 17 50
13 14 53
20 18 71
15 16 80
10 16 95
15 15 54
20 15 50
20 18 50
11 10 58
14 16 57
12 20 66
18 14 88
16 19 70
12 20 52
12 10 54
17 18 64
13 19 82
13 12 95
18 14 78
17 20 72
19 12 65
20 15 98
11 12 52
18 19 58
13 10 65
18 14 100
18 16 71
18 16 97
20 12 66
11 20 61
18 14 94
18 17 68
11 20 96
19 15 64
16 20 79
17 20 67
11 17 64
13 15 79
19 14 73
18 12 97
10 12 81
13 20 65
13 13 60
19 10 78
19 19 88
12 10 52
17 20 61
20 10 52
13 13 56
19 19 88
10 15 54
19 14 93
20 16 87
13 17 60
20 15 88
14 17 84
17 19 53
17 11 67
17 19 76
16 12 100
11 13 77
12 11 86
19 12 74
16 12 83
11 14 86
15 20 68
20 14 99
15 10 96
13 13 63
15 20 64
14 18 57
11 14 76
17 16 79
16 19 77
11 19 52
20 12 62
12 13 83
12 16 83
14 14 61
10 20 61
18 14 50
10 15 92
12 18 65
13 13 74
14 13 73
16 18 89
10 20 64
16 15 62
15 15 67
19 18 89
13 19 76
13 12 69
18 10 93
13 16 99
18 12 89
13 15 78
16 16 59
16 11 68
19 16 85
14 14 52
10 20 84
12 10 68
12 15 83
15 20 67
14 12 97
13 17 74
14 16 51
19 12 67
19 20 86
14 14 68
19 18 64
17 11 77
14 20 58
10 20 100
13 18 68
15 20 98
10 11 68
16 13 61
11 14 56
19 17 69
18 14 62
11 11 90
14 18 71
16 20 97
13 18 70
13 20 81
20 18 51
17 14 66
16 17 82
11 20 59
20 11 89
15 13 94
15 20 100
20 12 91
19 11 62
17 17 66
18 13 55
17 18 87
11 18 64
14 14 59
15 18 85
16 11 58
11 18 96
20 16 87
10 18 100
15 15 84
16 13 65
20 15 71
13 15 54
14 19 80
13 12 82
16 10 69
12 16 81
19 12 73
10 17 61
10 11 69
19 16 76
20 19 89
15 13 75
13 10 93
13 13 57
16 16 57
20 11 65
15 10 95
16 15 55
14 17 82
16 19 58
17 10 58
12 11 72
11 17 99
15 18 68
10 10 99
11 17 72
16 16 55
15 12 65
16 15 85
14 14 69
12 13 92
16 20 90
14 20 80
14 15 54
12 14 84
10 15 62
17 14 64
18 18 96
20 15 84
12 14 75
15 15 61
11 10 86
13 14 100
19 16 86
11 19 98
15 20 71
15 12 98
10 13 73
17 13 82
11 13 97
11 10 87
19 18 67
18 16 93
16 14 78
13 18 67
15 10 89
15 18 96
12 16 88
18 14 93
13 18 97
16 19 92
18 11 77
16 12 72
16 11 84
20 10 90
16 18 94
20 20 86
11 18 97
18 17 50
10 14 100
20 19 85
16 10 57
20 17 69
11 14 95
18 11 51
16 12 55
15 18 69
12 10 67
11 15 84
10 20 75
18 11 54
17 18 51
12 15 71
16 17 87
19 17 95
10 16 71
14 15 59
13 15 96
20 13 66
20 14 96
10 10 53
10 17 85
11 12 69
14 13 84
20 13 51
15 12 87
19 18 70
15 18 63
15 13 60
18 17 50
15 13 90
13 17 58
15 14 93
15 20 55
14 16 73
16 11 99
10 19 79
17 17 53
13 13 62
20 17 58
12 17 93
18 16 73
10 18 54
14 10 62
13 20 86
10 16 64
11 17 58
15 11 86
15 12 74
13 17 66
16 17 59
16 17 78
14 12 63
17 18 71
19 17 68
18 14 56
13 16 98
15 18 69
16 16 87
13 12 57
12 10 60
13 10 65
10 19 88
15 13 55
12 20 94
10 16 71
12 12 82
20 11 52
12 14 77
17 18 90
18 10 98
15 18 82
20 14 96
19 17 81
17 20 70
19 19 92
12 17 56
10 10 68
12 10 92
13 19 81
17 15 82
15 19 88
20 10 74
16 10 72
17 17 57
20 10 65
19 13 71
11 10 54
18 18 64
17 20 59
12 18 85
13 10 92
20 13 78
20 16 58
17 11 51
17 11 71
11 10 81
20 10 68
15 16 85
13 18 66
14 16 100
10 11 78
18 15 84
18 18 84
12 15 73
17 19 50
17 11 77
18 16 71
10 19 99
19 13 96
14 18 98
16 16 87
10 10 65
20 15 70
16 13 97
13 10 77
12 19 91
18 16 58
13 19 94
12 16 82
11 18 75
18 18 78
19 14 81
17 10 50
16 20 87
20 20 67
10 14 72
18 20 66
12 13 87
18 18 62
15 19 100
10 15 58
19 10 77
18 12 89
17 14 85
15 13 75
19 20 91
18 16 97
20 15 65
11 16 56
15 13 94
14 14 69
20 10 66
18 11 96
10 15 67
12 10 96
10 20 53
20 14 68
18 16 88
11 13 96
15 16 98
15 19 66
19 17 63
20 16 83
12 19 69
12 19 52
12 17 51
18 15 57
18 17 78
11 11 94
17 17 94
19 16 74
10 14 78
17 14 70
17 20 92
15 13 64
17 20 94
12 19 69
12 15 64
19 14 95
19 19 84
17 11 62
16 13 52
13 19 56
11 14 95
13 18 87
10 10 88
11 13 81
17 20 82
13 10 91
10 14 60
10 14 55
15 12 68
15 13 88
10 10 97
14 10 89
15 14 55
11 13 85
13 11 79
14 18 89
13 14 69
18 14 54
18 13 62
20 17 73
11 17 75
11 19 88
15 13 83
12 18 58
11 14 62
12 19 99
19 16 69
10 15 93
12 10 93
14 18 72
15 17 85
15 16 92
19 11 94
19 12 99
11 15 88
15 11 59
19 13 66
19 12 93
12 12 52
19 15 56
14 14 95
16 14 67
11 16 60
14 20 99
19 11 84
12 10 99
18 20 62
12 11 58
11 18 59
14 19 70
15 19 76
14 15 84
12 18 68
18 13 65
11 20 81
10 10 100
10 20 87
17 14 54
18 19 100
17 11 94
20 13 62
20 12 83
14 11 67
11 20 76
13 11 94
19 10 97
10 14 58
17 20 73
17 18 63
15 20 67
13 16 62
10 19 98
16 18 94
17 15 72
15 16 70
14 14 86
12 20 62
20 11 62
17 14 73
11 15 53
16 11 61
16 13 76
15 16 82
17 12 63
20 15 73
18 14 67
10 18 84
16 16 85
11 16 53
18 13 73
12 19 58
19 18 95
18 18 88
12 10 55
14 19 61
20 17 91
20 17 91
17 17 80
12 10 89
10 13 59
10 14 72
20 15 51
17 19 63
18 12 73
14 12 68
15 20 52
10 15 100
12 15 74
14 17 75
13 18 98
20 13 55
16 12 50
14 13 77
14 15 100
15 13 62
12 14 83
16 11 61
18 15 58
10 19 71
16 17 69
15 12 50
14 16 68
12 11 73
19 10 62
16 16 97
13 16 74
14 14 81
14 14 51
15 17 70
14 17 68
10 17 76
13 19 50
15 17 83
11 16 54
10 10 76
14 11 54
13 16 61
18 13 53
12 19 57
20 12 96
17 12 70
14 12 97
12 13 52
14 14 84
18 12 87
14 20 51
20 14 96
20 20 58
20 16 56
18 12 76
18 10 57
12 18 75
11 15 57
11 15 67
17 18 66
10 15 78
18 13 66
20 17 85
16 10 93
10 19 70
16 13 85
19 17 59
13 10 76
17 13 75
14 13 92
17 16 93
16 13 70
14 14 53
13 18 71
19 16 74
11 20 55
14 17 69
18 14 73
16 12 55
16 10 99
10 16 87
18 11 86
14 17 51
13 12 78
17 10 97
13 18 66
13 18 54
16 15 56
13 17 60
14 13 93
15 14 73
20 15 73
20 13 99
18 17 56
18 12 80
11 17 54
10 19 80
14 11 71
10 15 69
14 19 62
16 18 100
16 12 71
18 10 85
12 17 55
20 19 50
15 10 55
16 15 67
18 15 81
18 19 81
13 19 90
15 15 75
17 11 74
18 19 52
11 14 62
14 14 81
20 12 64
19 17 70
10 10 59
12 19 81
12 11 91
20 16 84
14 19 50
18 15 52
10 16 57
14 13 61
11 10 67
14 19 83
17 16 76
16 17 86
12 18 94
18 13 57
20 13 76
13 17 58
12 15 100
10 13 71
20 19 97
10 12 83
15 18 53
15 10 76
17 10 74
10 15 75
15 16 93
19 12 88
13 14 78
16 11 61
17 14 65
11 18 74
15 19 83
17 17 90
13 12 60
14 10 99
16 18 50
16 13 97
11 10 72
14 14 66
12 10 59
16 19 78
19 10 74
12 11 74
17 12 63
16 18 92
18 15 87
11 12 82
19 10 71
12 17 72
14 14 70
15 10 62
19 17 66
13 11 52
17 14 61
17 20 91
17 10 69
11 20 65
14 18 91
16 12 60
18 10 51
10 12 66
14 17 76
16 13 94
17 14 79
17 19 52
11 15 68
15 19 59
13 16 58
18 17 60
18 12 100
11 12 79
11 17 81
13 16 96
15 10 55
11 17 81
11 13 67
20 16 95
17 10 64
11 19 52
12 10 81
15 20 75
16 18 57
17 20 66
13 16 90
18 11 69
16 10 55
17 15 97
10 14 90
10 12 75
19 14 74
10 20 76
11 11 68
10 10 87
13 12 68
20 19 72
16 11 89
16 17 76
11 11 77
15 12 100
19 18 72
17 15 75
18 12 77
13 18 71
12 14 54
10 17 50
17 10 95
17 19 54
17 16 61
20 11 71
11 10 52
13 12 71
12 10 54
11 17 95
17 13 82
18 16 86
12 17 95
13 16 64
11 18 76
10 14 84
20 10 89
11 12 89
20 17 64
16 13 69
18 10 50
11 16 81
11 16 70
18 13 68
12 10 52
20 12 77
19 20 76
18 13 77
20 11 54
10 15 51
10 18 91
10 14 91
17 13 85
18 17 61
13 16 52
10 20 75
10 14 98
19 19 74
20 17 84
16 19 52
10 12 84
18 12 61
11 15 50
14 13 85
15 20 50
14 19 69
11 20 88
12 19 59
13 20 79
17 17 59
18 12 90
19 18 66
11 15 67
13 12 52
18 16 83
18 10 86
16 12 90
13 10 64
15 15 84
19 19 52
15 19 94
20 18 65
14 16 81
11 19 79
17 12 97
15 12 55
13 14 51
13 17 64
14 19 56
18 15 51
19 11 70
17 11 75
12 14 89
14 11 78
14 12 66
17 13 94
10 12 72
14 18 50
18 13 85
11 16 82
13 15 67
11 20 95
12 20 53
11 10 78
18 20 53
20 19 63
12 16 81
15 18 75
11 16 85
16 15 90
16 10 56
18 13 97
13 19 66
13 11 64
12 17 66
16 19 95
15 20 75
13 14 60
13 15 55
10 19 92
10 12 67
12 15 77
20 18 67
13 16 86
16 17 79
12 19 52
20 16 87
18 13 77
14 10 93
12 19 75
18 15 94
11 20 69
10 18 52
11 16 68
13 17 98
14 20 72
18 14 93
15 19 93
19 11 55
14 16 78
11 14 54
11 16 50
18 13 60
12 20 87
12 11 86
13 16 90
19 18 76
11 14 65
17 15 70
10 20 99
14 15 93
12 18 75
14 13 69
11 20 77
17 11 91
19 20 65
14 20 58
12 16 74
16 15 92
12 13 94
14 14 61
19 10 78
20 18 76
12 20 57
19 18 70
20 19 66
17 15 92
13 11 65
10 18 77
14 20 72
16 17 62
18 15 75
14 20 100
19 18 80
18 19 64
12 10 74
15 18 57
18 16 64
15 14 78
12 17 52
10 11 60
17 16 78
16 13 68
15 19 87
14 14 77
10 13 83
18 12 86
16 18 95
16 11 55
17 15 62
15 11 96
11 18 66
14 14 52
10 14 51
17 20 51
10 19 58
15 15 62
17 15 63
19 19 50
10 20 83
12 11 63
13 15 71
20 12 78
15 11 60
16 17 78
10 15 88
18 17 51
14 13 97
10 11 52
18 18 72
17 19 84
20 14 84
19 16 95
18 17 83
12 13 80
14 15 71
19 16 83
18 11 63
18 16 91
20 15 59
17 10 89
13 12 50
10 17 90
18 20 79
13 11 90
17 15 68
16 19 89
17 12 90
11 13 82
17 16 91
13 14 97
16 20 61
16 20 87
10 14 70
13 18 64
14 20 83
12 17 87
19 18 60
10 19 94
20 10 85
13 20 62
13 20 90
19 20 83
12 18 66
16 16 67
13 16 55
14 12 60
19 17 89
15 12 58
11 17 89
18 12 87
14 17 56
14 20 71
17 20 71
18 15 56
13 18 89
15 11 86
15 20 68
20 17 86
14 14 92
19 17 88
20 12 69
12 13 63
16 11 86
15 19 99
13 13 51
12 13 63
18 20 94
11 18 86
10 19 68
13 13 78
10 14 98
18 20 90
16 19 93
15 13 81
11 11 60
15 17 77
13 20 62
14 10 75
19 19 67
11 19 97
16 18 67
11 12 77
10 17 100
10 19 58
15 17 88
10 17 98
14 20 63
10 13 51
10 13 69
10 10 77
13 13 80
11 19 84
13 17 69
16 15 85
11 11 59
13 11 60
18 19 64
18 12 89
11 11 80
16 10 65
11 15 56
19 13 79
12 12 53
20 15 70
15 10 81
18 14 86
19 12 85
17 11 97
20 11 94
16 14 53
14 10 80
18 10 91
17 17 72
10 15 65
16 15 50
15 13 64
11 19 66
15 14 85
20 13 67
19 15 95
18 17 91
13 17 86
14 20 85
18 20 66
20 18 66
11 13 63
14 13 86
10 20 90
17 19 78
20 17 65
19 13 91
10 16 54
20 11 71
14 10 76
20 12 58
12 19 71
16 16 50
19 12 64
12 10 61
11 13 100
12 17 87
15 16 77
14 18 53
11 20 94
11 16 100
13 12 67
13 14 86
17 16 94
11 13 68
18 13 76
14 16 82
20 14 62
14 18 90
15 12 86
14 18 89
14 20 54
10 13 91
18 13 78
20 11 51
10 14 56
12 11 82
19 10 77
18 10 75
15 18 58
17 14 76
11 15 100
18 20 88
18 18 63
18 13 79
14 10 95
19 10 78
12 13 70
10 16 92
16 10 60
11 10 60
20 18 71
18 20 57
12 11 64
14 10 93
18 20 64
13 17 95
16 12 58
10 12 84
13 14 70
11 20 82
15 19 69
14 19 62
19 16 65
16 12 62
13 14 68
11 16 90
13 12 65
10 20 78
15 19 94
19 19 77
13 19 75
17 13 63
17 18 83
14 16 59
11 10 94
11 20 81
15 15 89
10 16 79
10 20 91
19 10 64
18 10 80
11 20 85
18 14 98
11 10 96
10 16 97
10 20 65
10 19 61
19 17 93
14 19 65
10 15 81
18 10 67
14 15 82
17 19 65
12 19 68
19 10 75
12 13 76
16 14 76
15 20 89
20 10 97
11 12 71
15 12 99
14 17 100
18 12 90
19 19 84
19 13 69
14 18 75
13 16 54
11 17 66
14 12 62
17 19 84
12 12 55
10 16 95
12 18 74
13 20 75
19 12 90
11 20 58
17 12 98
11 13 50
15 20 93
19 16 99
18 18 63
14 20 94
20 16 68
11 17 87
16 12 80
17 15 89
13 16 59
12 19 76
11 15 78
11 15 50
10 18 77
10 19 91
13 12 69
17 17 100
14 14 93
15 13 92
20 13 87
14 19 69
15 18 71
12 16 54
17 11 83
17 12 63
14 11 52
19 19 51
20 20 81
17 13 59
10 19 79
19 19 65
17 19 54
20 19 89
11 12 69
19 11 89
14 19 71
20 17 92
17 10 65
17 14 56
16 14 63
12 17 57
14 14 98
11 12 68
14 12 76
17 18 92
12 13 62
11 14 59
15 12 82
10 11 74
14 18 77
18 14 97
20 13 92
15 19 79
19 17 100
18 15 59
16 14 64
18 19 51
17 11 67
12 15 61
11 20 50
15 13 51
18 11 65
10 18 59
16 12 85
18 16 72
18 19 93
13 18 72
18 13 62
10 16 53
13 15 72
12 17 79
17 20 51
18 17 89
15 14 92
17 16 59
10 12 91
13 18 62
15 12 98
14 15 69
17 18 73
20 18 89
10 18 87
19 14 85
13 12 97
12 18 77
18 11 93
17 13 67
14 20 68
11 16 52
19 13 87
13 12 53
11 14 50
19 20 80
20 14 67
16 10 78
15 14 83
10 11 52
18 18 56
14 17 97
19 12 79
19 12 98
11 13 95
10 15 55
10 11 69
19 18 91
12 15 91
16 10 66
14 15 54
18 13 87
13 13 73
13 16 77
17 17 72
18 19 76
15 14 62
16 16 71
18 20 64
17 20 63
17 13 79
11 20 85
19 18 51
12 20 67
10 17 55
18 12 99
10 18 50
11 14 94
17 19 74
14 20 99
10 16 99
11 15 74
12 20 65
15 15 94
20 19 72
14 15 54
19 16 71
17 11 73
20 18 81
10 10 65
12 10 95
10 14 68
20 18 69
11 15 67
11 10 74
12 17 55
10 18 94
13 10 93
11 15 51
14 12 94
10 18 68
19 11 64
12 12 70
14 18 77
10 10 69
10 15 59
19 18 98
20 20 66
10 13 86
16 19 81
18 10 76
11 18 61
11 15 85
16 16 59
13 15 60
10 11 82
15 19 83
19 18 83
17 11 86
11 10 66
15 10 68
20 18 79
13 12 78
12 12 57
10 19 64
11 17 91
17 20 58
11 18 58
19 14 75
17 15 83
18 11 86
13 20 50
11 13 62
12 17 67
15 19 67
16 11 70
12 17 97
19 12 81
11 15 64
14 13 63
14 15 92
18 14 53
15 20 51
12 17 64
11 12 79
12 20 59
14 19 69
14 16 91
17 18 62
10 11 99
18 16 70
14 11 69
15 19 66
11 10 55
20 10 95
20 11 62
20 12 83
18 17 75
16 19 80
11 10 81
12 17 84
14 13 94
20 11 87
12 15 59
16 13 75
11 13 95
12 20 53
17 13 56
10 19 89
13 20 84
13 13 77
20 17 77
11 10 67
16 19 88
12 13 70
13 16 96
12 10 68
20 14 64
15 14 87
17 20 51
14 14 84
13 14 92
19 15 69
16 12 62
13 15 74
18 19 66
10 18 73
12 20 53
17 13 88
11 17 82
16 18 60
17 10 85
20 14 80
20 17 83
18 19 91
17 18 82
16 12 84
16 14 69
14 10 90
14 20 51
13 20 95
13 19 99
13 14 84
12 12 97
20 19 72
11 15 79
11 11 64
17 12 96
11 15 60
10 13 69
12 20 82
16 20 71
10 19 93
11 18 61
14 14 81
15 18 91
12 10 53
15 17 80
19 17 51
13 11 74
11 20 88
16 20 99
20 18 79
16 17 54
18 12 83
11 15 59
12 14 99
17 19 77
18 14 89
19 20 73
14 15 69
15 17 99
20 18 96
18 13 93
11 10 86
17 20 56
13 13 78
18 14 92
11 14 94
19 14 84
20 11 68
19 20 96
11 20 84
17 17 94
10 19 85
13 20 93
18 18 58
16 19 63
16 17 52
15 14 94
18 13 52
20 19 63
12 20 61
14 19 64
15 16 63
13 19 74
14 19 82
20 10 83
16 11 81
12 10 86
17 11 91
20 18 97
19 10 96
17 14 61
14 17 77
16 18 53
20 20 71
14 19 99
18 16 62
20 15 62
10 18 53
10 13 64
17 15 56
14 16 73
18 17 69
11 19 100
20 13 93
17 19 92
12 19 64
19 13 67
20 19 95
13 10 87
12 13 70
16 11 66
12 12 70
10 11 67
15 14 63
19 12 73
11 19 79
20 14 52
15 10 72
10 13 97
13 10 98
18 16 60
16 13 66
12 18 82
18 10 77
16 13 51
16 11 81
14 15 96
17 20 53
11 13 77
12 12 94
11 13 67
18 10 50
17 14 94
14 13 76
20 13 72
18 20 79
20 18 50
19 13 75
20 14 85
19 14 94
11 20 92
