5000 5000
8 3
9 7
5 8
1 2
5 6
3 1
7 2
9 3
3 2
5 3
5 6
6 9
7 4
2 4
10 1
5 9
1 1
10 3
5 3
7 3
4 9
8 5
9 7
6 6
5 3
8 9
3 3
4 8
7 10
6 2
3 9
3 9
8 6
3 6
4 5
4 2
8 7
3 6
1 10
5 2
10 6
10 7
9 3
2 4
3 7
3 2
5 2
1 5
7 3
2 3
7 9
10 7
9 2
3 10
4 8
2 9
1 6
1 10
7 3
3 3
9 7
1 3
7 5
7 4
4 9
6 9
10 6
10 4
7 8
8 2
10 8
2 8
6 7
2 3
10 8
3 10
6 3
10 3
2 3
9 1
8 9
2 4
10 4
8 1
6 5
2 9
5 8
8 10
5 5
1 4
4 3
10 1
5 9
6 9
8 9
3 2
8 1
8 9
10 10
9 4
2 1
8 6
2 8
4 5
3 3
4 7
7 8
7 8
7 8
4 4
9 10
6 10
8 6
1 6
1 7
6 3
10 1
5 10
9 5
4 9
4 1
1 2
9 5
5 1
1 5
1 6
6 2
5 3
7 2
9 5
3 10
6 8
6 8
10 10
9 7
6 10
1 4
10 6
6 7
2 2
4 8
1 4
4 4
5 3
9 6
5 10
2 4
9 3
7 9
9 3
10 3
5 6
9 1
9 8
7 4
10 8
5 2
6 6
6 2
7 2
9 4
6 2
3 7
2 9
3 7
10 5
3 10
1 8
1 7
7 8
2 5
2 3
1 4
2 7
6 5
5 10
4 7
4 6
10 8
3 3
6 7
6 8
6 9
4 1
4 8
7 2
3 6
4 10
1 1
10 10
4 6
4 9
8 7
6 7
5 3
10 8
5 10
8 1
10 5
6 5
10 5
6 10
4 1
4 6
10 7
3 2
8 9
3 9
10 6
2 6
8 1
5 5
9 3
5 5
8 8
3 2
6 5
1 8
6 7
10 6
6 1
2 6
10 8
3 6
8 10
9 5
5 5
3 2
9 2
6 10
10 4
9 8
6 2
8 10
5 10
8 10
2 6
9 1
5 2
2 9
9 4
7 1
9 10
7 3
2 1
3 9
10 9
5 7
8 7
2 2
1 5
2 5
1 3
4 2
3 2
9 9
10 1
6 6
10 2
8 1
5 8
8 8
3 9
5 3
5 10
8 3
8 4
9 1
7 2
8 4
2 2
3 7
7 7
5 7
9 8
2 2
8 6
9 1
7 10
1 5
8 5
1 5
1 6
2 10
7 3
5 6
1 5
3 6
2 4
8 4
5 3
6 1
6 1
8 6
3 3
3 6
6 8
10 4
2 10
5 8
4 6
9 4
2 1
6 4
4 8
3 3
10 9
10 8
3 3
2 3
2 8
7 9
5 6
7 3
4 1
2 3
3 10
1 9
6 9
8 10
2 4
5 8
1 5
6 8
5 10
10 4
7 10
3 4
6 3
3 5
1 2
6 2
7 2
5 1
5 3
5 10
2 1
1 3
9 4
2 1
7 2
4 7
9 6
4 8
3 1
1 4
4 2
10 9
1 2
1 7
1 7
5 4
2 9
7 2
2 8
2 6
7 9
6 8
7 3
6 2
1 5
9 10
2 2
5 8
6 8
8 2
7 4
7 2
6 9
1 3
3 5
2 9
7 3
6 3
8 1
6 6
2 2
2 2
6 8
8 3
7 7
10 8
10 2
9 4
10 7
4 3
4 4
3 6
8 7
5 9
7 7
10 8
3 1
7 10
6 3
3 1
6 6
1 8
10 8
10 10
1 7
10 2
7 8
6 9
6 4
3 3
5 1
10 7
3 2
1 3
10 10
9 9
7 2
10 2
1 10
4 9
4 8
5 6
10 1
9 10
9 6
8 4
3 8
6 2
1 1
2 6
10 2
9 10
1 9
3 7
6 5
5 1
10 1
4 6
2 9
10 9
6 6
3 3
3 6
9 7
4 9
7 6
9 5
4 7
3 2
3 6
4 8
5 6
3 8
5 8
8 2
4 2
9 8
7 9
6 1
7 5
1 6
5 9
1 7
8 3
8 4
1 2
7 7
10 3
8 2
9 2
10 7
3 8
6 10
4 6
9 5
2 1
3 2
8 7
1 2
3 6
4 10
10 2
9 6
3 4
8 7
8 3
8 6
5 7
7 9
8 10
1 5
8 2
10 6
9 3
6 7
7 3
9 2
9 5
10 2
5 4
7 2
3 8
5 9
8 9
3 4
9 1
6 3
9 7
1 8
1 6
5 4
6 1
8 7
8 1
7 2
9 1
5 8
6 6
8 6
10 3
4 4
2 8
5 5
8 8
4 6
6 8
6 7
6 7
5 6
6 5
5 1
5 6
1 10
10 6
4 5
10 7
2 8
8 8
2 2
9 4
7 7
1 1
6 10
1 7
8 9
4 2
4 3
10 5
5 9
5 5
4 7
10 2
2 6
7 4
7 1
6 2
9 7
6 10
10 3
6 2
2 2
9 3
7 1
4 2
2 3
4 6
4 4
3 3
9 8
3 6
7 5
7 6
4 2
3 7
4 7
9 1
7 1
3 10
10 4
10 7
6 2
3 6
3 6
2 6
10 6
10 9
7 5
8 1
5 5
10 1
8 6
2 7
7 4
3 9
7 6
9 9
6 8
3 2
10 7
6 4
9 9
5 10
5 5
8 3
5 9
6 6
6 5
7 4
10 3
4 10
9 8
5 5
5 6
2 6
8 9
4 6
2 1
10 6
3 1
3 3
1 7
7 4
3 2
9 10
3 2
5 9
7 4
7 5
9 9
10 1
1 3
6 9
3 4
9 1
8 10
2 7
2 1
6 4
6 2
9 6
2 3
8 2
6 8
7 7
10 10
5 10
1 4
10 7
7 10
9 7
6 7
7 5
10 8
4 3
4 5
8 3
8 5
7 10
10 6
3 1
1 7
8 4
5 7
9 1
1 5
10 7
4 1
7 9
5 7
3 2
5 7
7 4
7 8
10 6
4 5
9 2
10 3
6 9
3 9
8 7
6 9
1 4
4 8
9 3
8 6
3 7
6 1
6 8
3 8
9 10
4 1
10 8
3 10
10 8
1 1
6 8
2 4
9 6
8 4
5 4
6 10
4 5
7 7
8 5
6 6
1 6
3 9
6 6
3 1
8 4
5 6
1 3
3 9
4 5
4 3
10 10
6 3
9 10
1 3
1 6
10 4
9 5
2 8
8 5
1 2
10 2
5 4
3 6
9 6
8 1
10 2
5 2
1 9
3 8
1 9
4 5
5 4
3 7
1 8
9 8
9 4
2 8
2 4
5 7
2 2
10 4
5 4
6 10
3 5
3 6
10 6
8 8
9 5
7 7
3 4
5 6
1 4
6 2
2 5
8 9
5 5
6 4
10 5
1 1
2 10
5 4
5 10
6 10
2 5
9 2
3 1
8 2
10 10
7 8
5 8
10 2
9 7
6 2
3 7
6 6
8 8
9 4
3 10
7 7
2 5
5 4
10 10
2 10
3 6
5 7
4 7
2 10
9 7
7 1
8 5
5 2
2 2
5 8
8 6
6 5
4 2
9 7
6 3
1 8
3 5
6 8
6 5
9 1
6 8
6 3
2 9
10 8
6 8
6 6
7 5
10 5
5 8
8 8
3 7
3 4
8 7
4 9
5 4
9 6
3 7
4 9
9 7
8 8
4 2
2 1
1 1
4 1
4 1
10 8
4 2
8 3
7 3
3 8
4 9
7 1
6 6
6 4
2 7
2 3
2 6
2 9
2 7
9 8
3 2
4 9
8 7
1 1
9 1
9 1
6 6
8 7
5 5
7 9
3 9
8 1
5 10
2 5
9 8
6 2
9 2
10 10
8 1
10 9
2 9
1 10
7 3
7 3
6 1
5 6
9 4
8 3
2 9
4 1
10 9
3 3
2 3
3 8
10 3
4 8
8 9
1 8
3 6
6 3
9 10
7 2
1 9
1 10
3 10
5 6
3 9
6 10
9 8
10 10
2 3
7 8
9 7
7 1
3 9
4 7
10 5
5 3
8 2
6 7
5 1
9 1
5 7
1 6
4 8
3 9
9 10
4 9
3 1
2 3
9 10
6 7
9 8
6 3
1 2
10 3
9 10
3 5
3 6
9 5
7 2
3 10
4 5
4 5
5 7
1 5
8 6
1 9
1 9
6 10
6 4
1 2
2 9
4 3
10 7
8 5
10 10
4 7
5 7
7 9
9 8
4 9
1 4
1 9
4 4
9 7
9 10
9 1
1 4
8 9
2 4
2 6
8 3
8 10
5 8
1 5
6 9
7 9
7 5
7 7
1 9
2 5
6 1
8 2
2 1
2 7
6 5
7 7
7 4
2 9
4 10
4 2
2 4
8 2
7 10
1 6
6 4
6 9
7 1
2 8
1 5
10 7
8 10
8 6
4 4
1 1
2 10
9 1
7 6
1 9
9 7
2 8
9 4
9 1
10 9
4 9
3 1
7 5
5 3
6 8
5 10
5 1
5 5
3 9
5 10
5 10
4 3
4 9
9 1
7 2
1 2
7 6
4 4
6 7
6 1
4 8
3 9
6 10
4 4
3 9
5 4
10 3
1 1
9 2
2 4
9 10
10 8
7 1
1 3
4 10
5 2
4 3
7 1
4 7
1 4
6 6
2 3
2 10
2 2
9 10
4 7
3 4
2 4
5 5
9 3
6 1
7 7
9 7
9 9
1 10
7 9
2 1
10 1
1 5
1 2
10 8
4 1
9 8
6 5
7 5
1 2
4 7
3 1
4 10
8 3
1 1
8 10
7 10
5 9
8 10
2 7
2 4
4 5
1 5
7 1
8 9
5 3
6 6
3 5
9 10
3 9
9 9
5 6
5 4
9 9
5 2
4 9
10 9
7 7
9 10
9 4
7 3
3 2
1 1
10 8
7 5
9 4
2 7
6 4
2 3
10 2
8 4
4 5
3 9
6 2
7 1
3 8
2 9
5 2
9 2
3 10
5 7
5 4
5 9
9 10
4 7
2 5
9 3
3 5
4 4
8 1
5 5
10 10
7 2
8 2
5 3
7 4
1 9
10 1
9 8
9 6
7 8
4 3
7 9
2 6
9 8
9 3
1 2
1 7
4 6
9 10
5 8
10 6
4 9
7 5
9 5
8 7
5 5
2 1
3 9
2 5
5 7
5 7
7 4
8 7
1 5
2 6
2 7
2 2
1 6
7 5
3 10
1 2
2 7
10 5
7 7
4 6
9 2
3 4
8 3
7 10
9 3
8 4
9 2
10 10
8 2
1 4
9 3
9 3
1 7
3 2
4 2
7 9
9 10
10 1
4 10
7 7
7 5
7 7
7 1
3 5
1 4
2 2
4 5
3 9
10 8
10 7
9 2
3 1
5 2
7 2
8 6
3 10
1 6
10 2
5 6
5 4
10 4
8 1
9 10
10 8
1 1
4 2
3 1
2 1
6 5
4 4
7 3
2 6
4 4
8 1
9 8
7 6
1 8
7 2
10 9
4 8
3 4
2 5
7 6
4 2
4 9
7 7
3 4
9 2
3 7
9 10
2 1
1 2
2 7
2 2
8 3
3 7
3 1
10 6
7 3
8 2
2 2
4 5
4 10
6 10
10 7
4 3
3 4
6 5
2 4
6 5
4 9
10 5
9 3
10 1
4 1
1 9
1 4
9 5
4 3
9 10
10 10
2 2
9 9
10 2
5 5
10 5
10 4
7 5
8 7
8 4
8 6
2 4
6 10
5 9
8 4
3 5
6 6
2 9
1 2
7 5
9 7
9 1
9 2
2 1
3 1
3 8
5 5
1 4
5 7
3 5
3 2
5 4
6 4
6 9
5 9
3 6
5 6
7 9
8 4
8 3
7 6
6 10
1 3
9 3
7 3
6 5
3 7
10 8
2 10
2 3
10 8
8 9
8 1
6 5
7 6
4 5
2 1
1 6
3 1
2 8
2 4
1 4
6 7
4 1
10 5
3 7
2 1
6 3
8 10
8 3
2 9
1 6
4 6
4 8
5 5
5 5
4 10
8 10
2 7
3 8
9 3
3 1
6 2
6 1
3 1
6 4
5 9
10 9
9 1
3 6
6 5
6 7
7 5
9 6
7 8
8 8
9 9
1 7
9 5
5 3
8 2
2 9
5 2
1 9
2 4
2 9
6 5
6 10
5 1
9 1
7 4
1 7
10 7
4 8
3 10
2 5
9 1
2 1
5 2
8 7
10 3
7 2
8 7
2 3
4 10
5 10
8 10
6 10
3 9
6 5
9 8
2 4
5 5
7 5
5 5
5 6
4 2
1 4
10 4
6 9
4 4
3 2
8 10
3 5
2 8
6 7
7 2
2 9
5 1
2 3
5 9
3 3
5 9
5 6
1 9
1 4
9 1
4 7
7 3
5 8
3 1
8 4
3 4
5 10
4 4
9 8
9 10
5 4
4 1
3 3
7 9
3 4
8 5
1 5
9 2
8 7
1 1
1 10
5 5
5 5
1 6
1 9
4 1
2 10
10 8
6 9
5 3
10 7
3 3
2 10
2 6
5 6
7 7
4 1
3 2
4 7
1 1
6 3
5 7
6 8
3 1
2 7
2 9
7 7
1 4
1 5
5 4
4 3
4 5
2 10
6 2
4 4
10 9
3 5
3 7
10 4
7 10
4 1
5 7
2 6
3 4
7 1
5 3
7 3
3 10
7 10
2 5
6 4
4 8
10 3
4 9
7 4
3 9
2 9
8 5
6 9
8 5
9 2
2 1
10 3
4 5
10 10
1 6
6 8
2 8
6 9
2 9
3 4
8 6
1 3
9 9
9 10
3 6
5 8
7 1
8 10
1 1
10 6
3 8
2 4
7 6
4 6
5 10
1 9
9 4
5 6
10 2
10 7
2 1
1 4
5 6
3 8
7 6
3 10
7 7
3 8
2 2
5 2
10 9
10 3
1 7
5 9
9 6
7 8
6 6
10 9
8 6
7 2
10 5
6 8
5 10
9 2
9 10
3 9
4 6
10 2
2 8
1 4
1 6
3 9
2 1
1 4
6 5
2 1
4 9
8 3
9 1
4 8
6 1
7 7
2 10
6 1
5 7
5 4
5 8
8 9
2 7
4 10
6 7
7 7
8 10
6 6
2 6
2 3
7 6
7 8
7 8
7 5
6 9
1 9
1 5
2 2
1 3
5 10
6 8
7 10
5 7
9 5
3 1
8 2
5 7
6 3
9 5
2 9
10 6
2 2
3 5
3 5
10 5
3 4
5 5
7 1
10 4
1 3
4 9
5 4
7 9
5 6
8 2
7 4
4 8
4 6
10 3
8 10
1 8
6 7
1 3
5 9
2 8
3 3
4 3
6 5
3 2
9 9
9 5
7 4
3 6
8 10
8 10
1 10
6 3
5 1
7 8
6 3
1 8
10 10
5 6
3 10
6 8
6 6
1 7
2 3
7 5
10 5
4 4
6 1
8 8
7 5
10 1
9 5
7 10
10 2
10 2
10 7
2 7
8 5
6 6
5 6
6 6
3 2
5 8
3 7
10 7
6 10
6 4
2 10
10 9
2 5
8 3
6 1
3 7
4 3
6 2
9 7
10 4
8 9
6 4
8 8
8 1
5 1
3 2
3 7
10 10
7 5
5 7
7 8
1 3
4 7
4 8
7 5
5 5
10 2
4 5
2 2
8 2
5 2
2 9
10 10
2 5
4 2
8 7
2 8
6 1
2 3
8 9
1 10
4 6
4 10
2 5
2 8
7 5
8 8
9 4
7 10
1 1
4 6
1 3
1 6
1 2
5 9
8 6
5 1
5 3
8 3
8 5
6 7
5 6
5 8
4 3
4 1
9 2
5 1
5 3
7 3
5 10
6 3
4 4
8 5
5 6
10 1
6 2
9 1
2 3
9 6
5 1
9 6
10 9
5 10
3 4
2 6
5 8
2 4
4 6
3 3
5 7
10 2
4 3
6 3
2 7
2 8
4 6
10 9
7 7
6 5
9 3
6 10
4 9
9 6
1 2
9 2
4 7
9 1
3 4
8 8
4 2
4 8
4 4
4 9
10 4
1 1
2 2
7 7
9 7
2 7
7 9
4 7
8 7
2 10
9 9
5 6
5 1
9 10
6 9
2 7
2 6
1 1
10 8
5 3
4 7
4 4
6 9
6 6
3 10
10 10
6 7
9 3
10 2
6 6
7 3
2 7
4 8
4 1
6 3
1 10
1 4
6 5
6 6
10 4
3 7
10 4
7 1
4 2
10 9
6 10
2 6
2 6
5 8
6 3
6 7
5 7
8 2
8 3
8 5
1 10
1 3
1 4
6 10
1 8
5 1
6 7
4 8
7 1
3 1
7 7
8 9
8 8
9 1
8 8
1 7
2 4
3 5
7 5
3 1
10 2
1 7
8 5
5 10
8 8
10 1
10 10
5 5
8 6
1 8
2 6
10 6
2 6
2 8
4 7
8 2
10 10
6 1
9 3
6 2
6 6
2 9
6 5
2 8
4 3
7 9
5 3
8 4
2 7
7 5
9 3
6 3
5 6
3 6
7 9
9 2
1 10
7 8
7 9
2 3
3 1
8 8
3 4
7 10
5 3
2 2
4 5
3 6
7 1
2 7
1 10
3 1
5 4
6 2
9 4
8 9
10 5
6 3
6 8
6 9
6 8
9 1
5 9
4 4
1 3
4 9
7 7
5 6
8 4
4 10
10 7
6 6
8 9
3 5
2 7
8 8
6 2
2 5
8 7
1 10
9 1
1 6
8 2
8 4
2 3
8 10
6 8
9 9
7 10
5 8
8 10
10 2
10 9
5 9
6 7
3 9
10 2
6 9
7 2
2 3
3 10
9 5
7 1
7 8
6 7
3 6
3 10
9 4
5 10
8 7
10 3
2 4
9 10
6 4
1 7
6 4
10 8
8 4
4 3
10 2
8 1
3 7
8 10
4 3
5 1
8 3
3 10
9 7
6 3
5 7
7 7
2 10
5 4
8 1
1 5
3 4
4 10
7 2
5 4
1 4
4 9
1 8
4 8
7 7
8 5
5 5
10 4
4 8
10 5
3 9
2 2
8 5
6 9
4 9
7 2
4 4
10 5
9 9
5 2
10 5
9 7
2 8
3 2
9 9
2 6
10 2
1 9
4 7
2 10
1 6
4 5
10 6
2 10
8 9
8 1
5 7
6 8
9 6
10 1
6 1
4 7
4 7
1 4
6 4
2 4
3 6
4 7
1 3
3 6
3 10
1 3
8 9
10 6
8 4
1 2
6 8
1 3
10 10
1 9
7 9
5 10
6 5
7 8
1 4
6 8
1 3
3 8
2 3
7 8
3 5
7 9
7 3
4 8
6 2
2 7
7 1
10 7
7 8
1 10
5 4
9 4
7 9
4 9
1 7
6 5
8 3
7 4
9 2
2 5
6 4
6 4
9 1
5 8
9 9
6 9
8 9
6 6
1 2
10 10
9 8
1 2
7 10
3 5
6 8
7 5
3 1
1 1
1 6
10 5
3 5
9 1
5 9
9 8
3 8
3 7
8 8
1 3
6 4
2 5
3 9
1 7
4 6
4 5
10 9
5 10
8 2
6 9
9 6
8 4
3 1
4 6
3 5
3 1
4 9
4 4
9 6
9 8
6 4
8 5
7 4
8 6
5 3
10 7
2 9
3 9
10 4
6 4
2 7
7 3
6 9
6 2
9 2
4 6
7 5
2 5
9 3
8 1
2 3
2 9
2 10
9 2
2 2
7 5
5 9
2 4
2 6
2 7
9 1
7 4
4 3
6 2
9 5
1 5
9 4
1 10
7 10
10 6
3 4
1 10
5 6
1 2
6 2
1 1
7 2
4 4
10 2
5 2
8 5
3 9
6 1
4 4
6 7
9 6
9 7
9 10
2 4
2 3
8 9
9 10
4 2
7 10
8 10
1 3
9 5
5 8
9 8
4 8
6 7
8 5
4 10
1 5
4 1
2 9
2 8
5 1
9 9
6 1
7 4
7 3
5 7
6 4
4 4
6 3
9 2
4 8
9 3
2 4
6 9
6 8
5 1
8 6
9 10
6 7
6 10
8 8
1 3
8 3
9 6
7 1
10 2
4 4
8 4
1 1
7 3
1 8
1 8
7 4
2 7
9 3
7 7
7 3
7 1
8 2
9 7
3 8
9 3
3 10
5 2
8 6
7 2
7 7
9 3
7 4
7 7
3 5
6 4
3 7
9 5
6 5
6 2
10 7
4 6
1 4
8 10
10 9
9 9
9 8
2 6
8 10
8 1
10 9
5 6
4 4
6 8
8 1
9 10
2 3
2 2
5 4
3 5
4 3
1 4
7 10
10 7
4 9
1 1
6 9
1 10
5 3
7 10
1 4
2 1
8 6
4 10
3 8
9 7
3 6
6 5
4 5
2 6
4 2
1 10
4 10
1 4
6 10
2 8
8 2
6 6
4 4
9 7
3 9
6 5
5 3
4 3
1 9
3 1
6 10
2 5
7 2
1 3
4 7
1 4
4 10
4 6
7 8
2 1
1 5
10 5
5 8
5 1
5 10
9 2
4 3
10 8
10 5
7 5
5 8
1 4
9 7
9 6
8 4
4 10
6 9
4 3
1 4
1 6
1 8
7 4
9 2
5 10
2 9
7 1
5 4
9 2
2 5
3 10
1 5
10 8
8 7
7 1
2 1
2 1
1 5
1 9
6 8
2 8
1 2
5 8
3 1
7 8
8 7
5 5
7 5
7 5
9 9
9 2
2 7
8 10
10 6
1 1
4 5
10 2
10 3
2 8
8 5
8 5
9 9
9 4
10 1
2 10
10 10
10 5
10 5
6 3
10 8
4 5
4 8
9 3
4 7
7 3
7 3
2 10
5 8
9 1
9 4
7 8
5 10
9 6
7 1
8 7
1 4
10 4
9 7
3 6
9 1
5 7
5 3
4 4
4 4
2 3
1 6
9 5
2 2
3 5
2 4
7 2
4 3
6 6
2 10
8 4
1 10
9 9
4 5
8 4
5 8
8 7
5 8
9 2
4 9
7 3
7 4
1 7
7 1
4 6
2 10
8 2
4 6
9 3
2 4
2 3
10 6
6 1
5 3
10 10
2 2
2 8
4 1
1 10
10 6
4 3
7 10
3 10
6 7
1 1
6 1
9 5
8 10
8 9
1 1
10 3
4 7
9 6
8 6
3 10
2 9
10 7
2 5
8 3
4 8
3 1
9 2
4 5
4 6
1 9
6 6
5 8
1 7
10 7
8 10
3 5
9 1
4 8
5 9
4 10
8 1
4 2
4 4
9 1
7 1
1 3
8 9
1 7
1 3
9 6
6 10
2 4
4 8
5 10
8 4
9 6
8 6
10 1
4 6
4 4
3 4
8 1
5 4
10 4
7 10
9 2
4 10
10 10
4 6
7 10
7 10
10 6
7 1
10 9
3 5
7 4
9 3
5 1
10 6
2 3
7 1
7 1
2 7
4 9
9 10
4 4
5 7
7 3
6 3
3 1
10 2
6 1
10 6
5 4
6 10
10 9
8 9
10 3
3 3
1 5
7 6
5 9
8 3
6 2
2 6
3 7
10 6
8 6
5 2
8 2
9 10
5 2
9 10
1 6
2 7
8 5
10 8
9 5
1 2
9 10
2 4
6 8
9 3
7 1
8 7
3 7
1 4
3 1
10 5
7 2
5 3
5 8
6 1
5 3
5 3
6 9
10 3
8 5
9 4
10 10
7 6
5 8
8 3
3 6
1 6
5 1
1 1
6 2
2 10
7 3
10 5
8 5
5 6
1 10
2 6
10 5
5 9
3 7
9 1
3 8
1 6
4 3
2 9
6 7
4 2
7 5
6 9
1 6
10 4
9 7
1 7
3 5
1 7
3 4
9 2
9 10
6 1
5 3
6 10
1 5
2 1
4 6
8 7
6 2
7 1
1 5
4 4
2 6
6 10
9 5
10 9
5 2
1 4
4 10
3 5
4 4
4 2
9 6
1 1
4 8
7 5
1 5
2 2
6 7
5 3
9 1
10 6
10 5
4 4
10 9
1 8
1 8
7 4
7 6
7 9
10 4
7 8
9 6
3 9
10 4
2 8
7 2
7 3
10 5
5 5
7 6
1 6
10 10
5 4
3 2
5 5
1 6
2 1
1 2
6 3
8 8
9 7
3 2
1 4
6 10
5 5
3 3
3 10
7 7
3 2
4 7
2 10
9 10
2 2
1 8
2 7
4 8
7 2
9 9
4 4
1 3
3 9
1 2
4 9
8 6
3 4
1 3
5 3
2 4
1 3
7 8
2 4
2 10
7 10
6 1
7 7
10 8
8 9
9 5
2 1
2 8
5 3
3 5
2 9
7 1
7 2
9 1
2 9
5 3
1 5
2 8
4 8
6 1
8 4
1 9
10 7
1 5
7 1
1 7
5 3
3 10
4 10
7 8
3 9
7 10
8 1
1 5
8 9
7 6
5 7
2 7
8 3
4 4
2 9
3 9
7 5
3 2
2 8
7 6
1 8
1 9
7 5
4 7
10 8
7 2
9 3
9 4
6 5
4 9
7 10
5 9
10 5
5 2
1 6
2 8
3 8
9 6
2 6
5 2
7 7
9 7
10 2
2 3
8 2
5 1
6 2
7 6
2 5
9 8
6 8
5 2
5 8
7 7
5 8
3 6
5 5
4 5
5 5
10 4
6 3
10 6
9 10
10 6
2 2
6 10
5 8
2 1
6 9
5 8
7 5
1 1
7 2
10 5
1 9
1 2
9 9
5 6
6 9
7 3
2 7
6 7
9 5
3 1
8 3
10 5
6 6
5 1
6 8
7 10
4 4
9 8
10 5
10 4
1 2
9 3
7 4
1 2
3 4
10 7
1 6
8 2
10 10
6 8
6 5
9 10
5 9
6 9
10 3
1 1
6 1
5 9
9 10
5 2
9 9
9 9
2 7
8 8
2 10
8 2
10 10
5 4
2 3
1 2
10 6
10 5
2 9
6 3
1 6
10 5
8 8
7 7
2 9
5 10
6 8
3 2
3 5
10 7
3 1
9 10
1 10
8 3
10 7
5 3
6 2
10 9
9 4
1 6
1 3
5 1
5 2
7 10
8 9
5 9
6 9
6 2
4 1
8 8
3 5
8 4
6 4
9 1
4 2
7 7
10 7
8 5
2 10
9 8
8 4
3 1
9 7
4 4
1 8
6 6
5 7
1 2
6 9
9 6
8 9
10 1
8 1
4 3
7 6
5 9
6 8
1 2
9 1
10 9
5 10
3 8
6 3
3 10
3 3
9 5
1 3
7 4
3 1
1 2
5 4
5 9
1 1
3 5
6 4
9 9
2 4
3 7
5 5
1 3
5 4
8 4
1 6
5 3
3 9
3 6
6 2
3 10
8 6
3 4
8 8
4 8
4 3
9 7
4 9
4 1
10 9
1 2
5 9
2 10
1 10
9 3
9 8
5 3
3 5
3 1
4 1
4 3
9 8
6 4
10 10
7 6
7 2
10 5
2 6
2 5
6 3
4 3
6 3
10 7
9 10
3 10
3 10
10 6
2 3
1 3
8 2
9 10
3 2
9 9
7 1
10 9
9 1
7 2
7 7
4 8
7 2
2 6
3 4
7 5
3 9
9 9
7 1
8 5
2 6
8 8
3 8
3 1
4 10
6 6
3 6
4 2
3 7
1 7
9 7
10 6
5 1
9 4
1 10
5 8
6 1
3 10
2 10
7 6
8 1
10 4
9 7
6 1
4 9
9 1
6 3
3 8
5 5
1 1
8 2
6 7
3 9
9 5
6 3
9 4
6 6
8 1
7 10
9 6
5 1
4 4
5 10
3 2
7 1
10 9
2 9
6 3
5 8
4 10
3 1
7 1
6 4
7 10
8 3
2 2
2 2
3 6
5 1
7 5
5 6
8 10
7 3
6 4
10 1
4 9
5 1
8 1
9 4
7 2
1 6
2 1
1 8
9 8
5 1
6 1
2 10
9 2
9 10
5 4
2 7
9 7
9 8
7 2
5 6
7 2
6 10
10 7
6 3
2 4
4 6
10 10
1 8
5 5
8 5
10 10
8 10
6 10
5 2
2 8
6 2
4 8
4 8
4 1
2 3
4 2
1 5
8 10
4 2
7 6
8 3
2 2
8 4
10 2
5 4
7 4
10 2
4 1
7 3
2 4
1 5
4 1
9 1
5 7
2 5
7 6
6 9
4 3
7 6
9 9
8 5
3 6
10 2
10 3
9 10
7 4
10 4
4 7
6 2
3 2
6 8
5 6
7 1
10 8
9 3
4 4
9 1
1 1
8 10
10 8
7 10
2 2
8 6
10 3
9 2
2 6
1 1
10 6
3 6
10 8
2 1
5 7
6 9
5 8
1 1
8 1
8 6
9 9
7 8
6 9
6 2
6 4
2 5
3 6
10 4
4 10
2 8
7 8
1 10
6 5
4 9
1 5
5 9
4 1
3 4
9 4
2 9
5 10
6 4
2 9
7 1
7 8
7 9
8 7
5 1
3 9
1 2
1 9
9 10
1 10
6 10
2 3
1 6
9 9
2 10
8 3
2 6
10 8
10 4
8 7
10 10
4 5
10 1
5 1
8 6
6 5
2 10
2 8
4 10
8 1
3 10
4 3
9 3
10 7
5 9
7 9
1 9
6 6
7 7
6 8
8 7
1 10
10 2
4 3
7 7
4 2
9 4
6 5
2 5
2 4
4 9
2 4
6 2
1 2
8 9
7 1
1 4
4 7
10 9
1 8
5 10
10 8
7 4
7 2
9 5
6 10
6 1
6 7
3 7
10 10
2 9
1 9
9 4
4 9
3 6
3 5
3 10
10 8
7 4
5 10
4 1
10 5
3 4
7 9
6 5
7 7
2 1
6 3
7 6
3 6
6 7
7 9
10 7
9 9
10 9
10 6
3 3
7 2
1 7
10 3
4 1
2 2
6 6
2 2
8 9
1 3
8 3
7 8
2 7
9 6
7 7
5 2
5 5
2 8
10 1
1 2
6 1
3 9
7 2
5 2
8 7
5 3
8 8
6 5
1 3
6 4
1 8
6 3
6 5
10 3
10 7
8 10
10 9
1 6
2 3
7 2
9 6
7 7
10 1
6 4
7 4
6 4
3 9
3 4
5 8
8 9
10 3
5 2
5 10
9 9
7 1
2 5
7 4
7 9
6 10
7 4
9 5
9 3
8 8
10 8
9 4
2 7
8 6
6 4
9 8
10 3
9 4
10 5
10 10
3 7
6 7
8 5
7 3
2 8
6 3
7 9
7 10
9 2
9 4
3 4
2 5
4 6
2 4
9 5
6 3
1 10
8 5
3 1
10 4
4 10
10 9
5 7
2 2
6 2
6 7
3 7
10 7
10 8
1 7
4 2
8 5
6 10
6 6
5 1
9 4
3 6
8 4
3 4
9 6
2 1
10 9
8 1
1 3
4 9
3 2
1 4
5 7
6 1
1 1
3 2
4 3
5 9
10 5
2 3
1 1
3 2
2 6
1 1
6 9
3 6
10 10
4 8
5 4
1 3
10 9
8 4
6 10
3 10
2 8
10 4
7 10
9 10
1 3
3 3
8 7
4 3
3 1
1 2
8 1
10 4
3 5
7 8
5 1
10 6
5 7
4 5
4 8
6 6
4 6
1 6
6 1
6 7
2 3
1 9
3 7
10 3
3 2
1 3
4 10
6 5
4 1
2 1
1 9
5 3
8 9
3 8
3 5
2 8
2 6
9 3
5 5
1 10
7 10
2 7
4 10
7 8
2 4
8 9
5 1
3 1
2 5
1 3
2 2
7 4
3 3
9 9
7 6
8 1
6 6
7 5
9 6
8 2
4 6
6 8
10 10
1 4
2 7
3 6
5 8
7 3
6 6
9 4
5 10
3 8
8 1
8 5
7 4
2 4
2 8
4 4
4 7
2 7
9 7
10 5
7 2
10 8
4 9
9 7
4 4
4 9
7 10
3 2
3 8
2 5
2 9
6 1
7 2
6 8
10 1
5 5
2 2
10 1
3 9
1 9
3 4
1 4
3 7
5 9
10 7
4 7
3 5
10 4
10 7
6 3
8 5
8 9
4 1
6 3
5 9
9 10
5 6
1 9
1 4
4 1
3 9
9 6
10 5
6 3
4 5
3 1
10 9
7 6
7 3
6 4
4 8
1 3
7 7
5 9
3 5
3 8
4 8
3 3
5 4
8 8
10 5
5 10
2 1
4 5
9 10
5 1
1 7
2 10
1 3
3 2
4 7
1 3
2 10
2 2
2 5
4 3
2 1
1 3
4 10
7 3
1 9
9 3
4 5
5 7
5 3
9 4
2 7
10 4
4 3
5 6
1 2
2 7
5 3
7 8
6 3
5 1
9 5
3 8
10 3
4 8
1 5
4 5
3 8
1 4
2 10
10 4
5 5
2 7
9 8
10 7
7 1
9 8
1 2
10 10
4 8
1 9
3 6
7 5
8 1
6 5
2 7
3 6
5 4
1 10
3 6
2 2
5 9
7 9
3 8
2 10
4 6
5 8
8 5
6 4
7 10
4 9
4 10
7 1
9 3
10 5
3 4
10 7
10 2
9 5
5 4
1 1
3 9
9 2
3 3
5 8
10 5
9 4
7 4
3 5
4 7
9 4
2 1
6 8
3 9
5 7
9 1
9 5
6 10
4 1
3 10
10 9
6 4
1 2
3 6
9 5
9 5
5 9
6 7
6 4
6 3
2 5
6 1
8 4
7 4
7 3
9 6
10 3
3 1
9 9
10 6
8 6
4 7
8 1
5 8
7 7
2 9
8 8
3 7
3 10
10 1
6 4
4 9
7 7
6 9
8 4
10 8
9 8
3 4
8 8
5 3
4 5
8 3
7 3
8 4
5 3
7 7
7 3
8 2
8 6
7 9
4 8
5 1
7 8
5 1
4 8
3 6
10 2
3 1
5 3
10 4
10 5
6 8
2 3
4 10
7 5
9 5
8 4
9 9
9 10
7 10
6 4
8 3
2 10
8 10
1 1
6 8
3 6
8 10
7 2
3 5
7 2
9 5
10 6
9 9
6 6
2 4
7 6
5 2
1 5
5 7
6 1
4 10
8 2
4 2
1 3
3 8
2 4
2 9
4 4
9 2
9 1
7 3
8 8
2 10
5 9
4 10
4 1
6 7
9 4
9 7
6 2
1 3
4 5
1 2
6 4
5 7
2 7
7 9
7 8
3 9
4 9
1 6
5 2
8 7
6 9
9 3
7 6
8 3
3 8
8 8
8 7
3 6
8 2
5 9
9 1
1 7
3 8
6 2
2 7
1 3
6 9
1 8
2 6
4 4
7 8
7 2
9 9
9 4
4 7
1 7
6 10
10 6
5 5
8 5
4 5
9 9
4 9
1 6
8 6
6 4
10 2
10 6
8 7
5 3
5 8
4 2
5 8
5 3
3 4
8 6
8 2
9 5
10 8
2 8
8 4
9 10
2 6
6 5
2 10
4 8
6 1
9 10
8 1
3 7
3 5
7 6
10 4
7 6
9 6
4 9
1 9
5 4
9 10
10 4
3 6
3 5
4 1
9 5
7 1
5 6
4 7
10 2
8 2
9 5
1 2
9 7
3 1
7 7
7 6
2 10
5 4
6 2
2 8
10 2
10 5
3 9
4 3
10 8
7 7
6 5
3 5
10 5
6 5
2 5
5 7
2 10
2 7
10 6
9 4
3 10
8 8
5 6
6 7
9 5
5 5
4 10
8 1
6 1
2 5
10 3
9 3
5 3
2 9
4 8
7 3
9 8
8 3
9 9
1 3
5 2
1 7
1 1
1 2
10 10
3 3
5 6
5 3
2 8
6 9
5 2
1 8
1 3
6 3
7 1
2 1
4 5
4 4
1 6
7 10
2 4
10 10
6 2
6 2
2 2
1 7
6 4
6 6
6 5
5 10
8 1
2 9
3 8
9 10
5 2
6 8
5 2
5 9
5 3
7 1
4 10
9 10
10 8
5 10
3 5
8 10
3 10
6 4
10 3
7 3
5 4
2 7
1 8
6 3
9 8
5 6
5 5
5 1
6 6
3 9
8 1
2 1
5 2
2 3
3 7
2 1
1 3
2 8
4 1
4 4
3 7
7 9
10 10
9 2
4 8
6 4
7 1
8 6
1 6
6 10
4 3
2 10
2 3
8 4
3 2
6 8
7 2
10 3
6 1
9 4
2 3
3 5
4 6
9 6
10 5
3 4
10 7
3 6
6 7
7 2
10 7
9 1
3 4
9 4
10 1
2 10
8 2
8 8
9 4
7 4
8 3
6 6
1 4
9 7
2 4
9 6
2 9
9 9
9 8
1 3
7 5
7 8
2 4
3 2
7 10
9 7
6 7
8 9
1 1
3 4
4 8
2 4
4 10
7 5
9 9
3 1
7 9
3 9
2 3
1 5
10 10
5 8
4 9
4 4
8 7
5 8
6 3
3 5
10 10
5 4
1 1
2 1
1 9
2 3
4 10
7 9
8 3
6 4
7 7
3 9
6 1
7 3
1 8
5 1
7 6
8 7
10 9
9 9
1 7
1 7
6 2
7 4
10 3
3 5
7 7
1 9
3 3
3 7
5 10
4 5
5 4
1 1
1 4
6 1
8 3
2 7
8 7
4 6
1 4
10 3
6 9
5 2
10 10
3 9
5 3
5 4
2 10
3 10
6 1
6 3
6 7
8 7
6 4
1 2
5 1
2 10
8 1
8 5
8 2
8 8
1 1
5 2
3 9
1 3
5 1
8 6
9 3
4 8
5 10
3 10
1 3
5 1
3 5
8 4
2 3
8 1
6 6
4 8
7 8
5 5
5 6
3 1
6 1
7 6
2 7
5 5
1 10
2 4
9 5
9 7
2 9
7 5
3 4
9 2
4 1
2 5
4 8
4 9
3 5
5 5
6 4
7 8
4 10
4 7
9 6
10 1
6 1
4 8
7 2
5 9
1 7
3 3
1 4
1 7
6 1
4 1
1 2
6 6
5 10
1 3
1 1
6 8
10 7
3 5
3 6
2 6
9 9
7 1
4 10
3 8
5 3
9 8
6 10
4 10
4 1
4 2
1 7
10 4
7 3
5 7
9 7
3 5
6 10
1 7
1 2
5 8
8 4
6 10
5 2
10 1
5 5
5 7
4 8
3 2
2 1
10 3
1 8
4 1
1 5
3 3
2 5
3 8
8 8
6 2
4 7
3 3
10 4
9 4
6 2
10 8
8 10
10 7
7 4
7 2
3 10
8 8
4 5
9 9
10 10
1 6
1 9
8 4
7 1
10 2
6 2
3 9
1 10
3 10
2 1
7 6
5 9
5 3
4 8
9 8
6 8
1 5
4 4
3 6
6 1
7 5
9 3
8 1
5 7
1 1
5 9
7 8
10 4
7 6
4 1
1 3
10 8
3 7
3 5
5 2
3 1
2 9
1 1
6 4
10 4
1 10
4 9
6 3
8 1
8 4
1 6
6 9
10 9
3 10
9 3
3 8
3 6
2 8
5 3
3 3
10 3
9 8
5 10
9 2
10 6
9 9
2 1
1 8
2 6
5 1
2 7
9 5
1 8
7 1
1 6
1 2
4 6
1 3
4 7
6 10
8 4
2 7
2 10
1 4
5 7
1 8
3 3
7 6
7 7
8 5
3 5
9 7
7 8
3 6
6 1
7 7
7 4
8 6
8 4
9 5
10 5
2 6
6 8
9 9
5 2
7 8
3 3
6 3
9 9
9 8
6 9
6 4
1 3
7 2
8 7
10 6
6 4
7 9
2 7
7 3
4 2
5 10
8 1
3 3
10 8
9 6
4 8
7 5
4 7
9 5
4 3
4 7
6 5
10 2
10 9
4 7
6 4
1 1
2 4
6 9
10 5
5 9
6 9
6 2
6 3
6 8
3 8
3 7
9 9
3 5
10 5
10 7
6 2
6 5
3 4
10 9
10 6
6 7
4 5
8 8
2 9
5 7
3 1
5 6
1 2
4 2
9 4
3 7
2 8
5 3
6 10
6 10
6 7
1 3
7 10
4 3
1 1
6 4
1 9
6 6
4 2
5 8
5 3
7 4
8 6
7 1
3 1
1 5
2 5
2 8
5 2
2 10
1 7
8 9
9 9
4 7
8 8
10 7
8 10
6 2
6 9
4 9
8 8
3 10
8 1
8 3
6 8
3 3
6 6
2 9
10 3
9 8
3 3
10 3
9 9
5 8
8 1
4 4
3 6
2 7
4 7
1 1
2 2
2 2
6 6
2 4
9 6
2 5
2 8
2 5
5 9
8 4
3 6
8 10
5 10
5 6
4 2
1 3
10 3
5 5
1 2
3 2
3 8
4 6
9 5
4 8
7 1
5 4
2 6
1 7
8 4
3 6
3 7
3 2
9 9
3 8
4 1
4 4
9 6
10 4
4 10
5 5
4 3
8 2
10 2
10 1
2 9
6 6
2 3
7 3
1 3
10 2
6 6
7 7
8 10
8 7
3 5
1 7
10 8
3 5
1 3
7 9
8 1
9 2
3 9
8 9
3 1
1 7
10 10
4 3
5 5
3 5
9 6
9 6
2 9
3 4
6 8
2 6
7 10
4 10
6 7
6 10
3 6
4 5
9 9
2 6
9 4
3 2
9 7
7 4
4 8
10 10
3 10
7 10
7 7
8 3
4 5
6 5
7 10
4 9
4 8
1 2
6 4
7 7
9 5
7 10
8 2
6 10
1 3
10 1
9 9
1 5
2 4
4 9
6 7
8 5
5 4
1 10
3 6
4 9
4 3
4 2
3 7
8 9
5 10
10 3
6 3
3 3
3 10
7 9
3 6
9 7
5 3
3 1
10 7
2 9
1 10
7 10
5 7
10 1
10 3
3 10
2 9
5 9
9 6
7 2
10 7
4 5
2 7
7 2
6 4
4 7
8 6
2 8
7 3
8 7
7 2
5 5
7 10
9 8
6 7
2 2
10 10
6 10
10 6
3 5
10 9
7 8
3 10
5 2
3 7
7 8
6 10
6 6
3 2
2 8
1 8
7 5
6 9
6 4
7 8
7 5
5 6
3 4
6 10
3 4
6 1
5 9
1 10
7 10
10 9
4 4
6 7
6 5
3 9
7 1
4 8
4 2
3 5
3 10
1 5
8 4
5 10
2 1
4 8
7 8
10 8
9 6
6 5
6 9
5 5
6 10
8 2
9 6
6 6
4 8
3 3
5 3
10 1
3 4
8 4
3 6
7 10
10 8
5 10
9 3
10 5
10 6
7 5
3 7
8 1
5 7
5 8
4 7
9 2
3 8
10 8
9 10
3 6
6 1
9 8
3 6
7 9
8 6
4 4
10 5
6 5
5 7
4 1
10 6
2 6
2 3
9 8
9 5
8 9
8 2
10 5
7 7
10 9
8 4
1 3
4 6
5 1
9 3
9 6
9 9
9 4
7 1
3 6
5 1
4 4
6 3
4 7
4 10
5 7
5 6
7 1
6 3
9 4
6 3
3 6
8 6
9 4
7 10
2 10
8 3
7 5
2 3
2 8
4 3
6 1
3 8
9 8
8 8
3 8
9 10
1 10
10 7
1 10
7 4
10 7
4 2
6 1
3 4
1 3
8 1
2 4
8 8
1 1
8 7
2 6
9 1
10 3
2 6
3 4
4 7
6 5
5 2
2 2
8 7
4 3
3 10
10 8
5 10
5 1
1 8
1 8
4 6
6 3
3 4
6 6
5 6
3 4
5 8
4 7
1 7
4 10
7 10
9 8
8 10
6 3
8 3
8 4
1 8
2 5
10 9
9 5
1 6
7 1
5 6
8 7
7 4
1 4
10 6
4 4
7 9
3 5
10 7
2 2
6 5
4 7
8 6
3 2
8 4
9 4
6 9
3 1
10 4
3 8
3 2
6 7
7 10
6 4
8 3
4 9
5 1
5 1
3 2
10 2
4 7
8 5
10 3
7 10
8 7
6 7
5 5
1 10
4 4
5 2
9 1
2 9
10 4
3 7
9 8
7 5
6 6
10 7
8 3
6 8
2 3
6 2
6 3
4 1
5 8
1 9
8 5
5 9
6 7
1 7
9 1
3 1
8 3
9 5
4 4
5 7
8 1
8 7
10 7
8 4
2 10
2 4
6 7
4 6
1 6
7 10
9 5
9 2
1 7
5 8
5 6
7 5
8 2
3 10
8 7
8 7
6 3
4 5
4 2
4 3
8 10
6 1
6 4
4 3
3 2
9 4
2 4
4 3
8 8
2 10
7 1
10 10
7 8
10 9
9 1
5 3
8 1
3 4
1 8
2 3
8 6
10 3
1 4
2 4
3 1
9 3
1 9
1 2
6 3
8 8
8 3
10 6
10 9
1 1
9 8
5 2
9 8
2 2
3 7
6 1
1 2
3 2
10 3
6 5
2 7
10 15 68
14 20 82
18 17 77
16 17 56
17 10 84
11 15 93
19 17 93
14 15 98
20 20 96
13 19 98
20 17 51
19 19 82
10 16 50
17 17 62
11 13 98
17 11 86
15 20 79
12 17 51
20 11 62
14 19 81
14 14 81
20 11 97
12 20 88
10 11 57
20 18 59
10 20 67
14 11 86
16 14 89
12 14 100
20 15 70
10 10 98
15 20 87
14 12 51
11 11 79
13 11 68
10 12 57
15 12 85
10 14 63
11 17 81
11 14 88
12 13 58
19 18 87
15 12 86
15 13 99
15 13 82
20 10 94
13 17 88
12 15 61
15 19 81
11 17 83
13 15 72
20 15 96
16 12 66
12 20 100
12 20 77
18 16 54
13 17 96
11 16 55
19 20 83
16 17 70
14 10 86
12 17 84
15 15 58
16 20 98
18 10 61
12 17 94
18 18 75
10 12 57
10 15 79
11 10 92
17 16 67
12 14 72
19 13 80
20 14 58
15 11 95
12 13 94
19 14 71
12 11 70
20 13 91
17 13 67
19 18 51
16 18 100
14 15 56
17 18 71
17 13 97
11 15 81
15 20 86
14 18 95
20 13 73
20 13 90
16 11 87
15 17 100
10 19 68
15 17 81
19 15 75
12 15 79
17 16 68
20 15 91
13 15 77
20 12 89
15 11 70
17 19 92
17 12 96
12 18 64
10 11 65
13 10 81
14 10 99
14 13 76
12 11 71
16 11 70
19 14 63
12 17 94
18 16 98
11 10 81
12 15 92
16 14 83
15 17 62
20 11 84
13 15 67
14 13 69
17 14 70
11 16 73
19 17 99
13 13 68
16 10 97
13 12 76
20 20 78
13 19 60
12 12 93
12 13 68
13 18 61
13 18 95
19 12 92
20 15 59
20 16 96
11 11 66
16 19 59
13 16 92
17 18 84
12 12 77
17 11 99
20 16 88
10 10 70
11 16 81
11 12 91
13 16 95
20 16 52
15 11 54
13 20 55
12 15 60
12 15 55
13 20 55
13 20 96
16 20 91
19 19 64
12 19 56
14 19 85
13 14 87
20 10 55
10 11 73
11 10 90
16 15 70
16 16 86
14 10 93
19 11 72
16 12 58
11 19 63
12 19 77
19 19 94
17 17 53
18 20 70
10 18 90
20 15 78
20 13 66
16 16 54
18 12 67
14 19 94
20 14 55
17 15 65
11 19 73
11 13 54
10 11 66
15 18 66
18 17 59
15 14 100
17 19 62
15 15 57
11 12 77
12 15 70
18 20 99
10 14 99
20 11 75
17 10 76
17 15 76
15 12 86
16 12 85
11 20 58
20 14 58
13 11 60
12 12 68
16 15 80
18 12 80
12 18 76
14 19 67
12 19 91
13 15 92
20 14 99
11 15 54
13 16 63
18 20 65
14 13 67
17 16 88
12 20 75
10 19 66
14 17 76
18 18 55
13 10 55
16 17 99
15 20 91
17 19 79
15 17 56
13 18 93
20 12 53
11 18 97
12 20 75
20 13 86
20 14 99
13 10 82
15 19 92
14 19 88
17 18 51
11 15 82
14 10 97
12 16 80
20 12 74
20 10 51
18 17 76
17 12 95
11 14 50
10 17 77
13 11 53
20 13 72
13 13 99
19 14 67
12 19 91
13 11 87
14 11 70
12 18 56
19 20 58
15 16 77
13 16 68
14 18 72
20 19 63
16 13 71
12 14 86
17 13 74
10 20 79
16 15 64
10 20 50
16 17 63
18 17 83
10 15 83
18 16 83
10 10 57
19 15 52
13 19 52
14 11 61
10 16 79
17 15 66
15 14 74
13 20 92
17 10 81
12 14 87
10 11 71
17 12 76
10 11 50
18 13 74
15 20 90
18 18 64
14 13 68
15 10 76
10 14 74
17 17 64
18 15 56
15 10 75
20 18 57
19 14 70
18 15 88
18 11 56
14 11 65
11 20 59
18 16 69
11 13 76
11 10 98
19 13 90
18 10 95
16 16 68
11 13 67
19 20 75
20 15 72
16 19 75
12 10 99
19 18 58
14 17 83
16 17 93
10 11 52
20 18 85
12 15 68
13 16 66
20 15 56
17 10 60
13 11 61
11 15 55
20 19 90
14 15 65
15 17 59
14 18 98
13 10 80
12 11 61
14 19 88
18 15 51
20 19 81
12 13 91
19 17 78
17 17 93
17 19 65
16 20 97
10 10 56
18 20 57
12 20 55
17 12 83
16 13 67
10 20 51
13 18 98
10 15 63
20 20 75
16 18 59
10 10 75
10 12 90
18 15 99
12 19 84
10 18 78
14 20 72
11 20 90
10 20 76
16 14 82
17 11 84
15 17 84
15 10 66
13 16 60
17 20 83
13 20 89
12 11 94
13 15 96
20 10 99
19 10 90
20 12 99
14 17 58
19 10 100
14 20 94
19 14 89
11 10 99
20 13 57
18 14 69
12 10 92
20 17 75
20 20 90
10 17 95
10 15 59
17 10 95
16 19 89
20 10 100
20 13 83
18 18 51
11 16 55
17 20 76
18 13 75
12 17 84
10 17 57
20 14 94
15 11 93
17 11 73
18 13 94
14 10 52
19 12 75
14 18 52
11 17 93
15 17 84
13 12 60
14 12 78
20 18 89
11 14 81
13 12 83
11 19 57
18 12 98
18 17 85
10 18 90
17 10 90
11 16 53
20 14 68
14 13 95
15 18 90
12 13 89
16 11 68
17 16 97
17 12 87
18 13 82
14 15 59
12 20 89
16 19 95
11 19 71
16 20 64
13 14 64
10 19 96
17 20 99
11 12 94
17 10 90
10 15 53
11 11 83
15 10 62
14 14 70
10 19 89
13 16 74
17 15 68
13 13 52
16 20 96
18 20 75
19 14 58
12 10 79
16 16 87
14 12 57
14 15 55
10 12 80
16 11 86
15 12 57
20 17 74
11 14 87
19 15 61
18 17 64
19 10 62
18 17 100
13 20 85
18 17 90
15 13 52
16 18 84
11 19 99
14 14 93
11 17 78
13 14 72
16 19 76
14 16 89
19 13 73
16 17 90
13 16 93
10 15 60
13 16 91
16 10 92
16 14 98
17 13 54
15 17 85
13 13 65
15 15 70
12 17 98
10 17 96
20 20 95
12 11 55
20 13 67
17 15 92
13 11 68
11 10 68
16 17 81
12 19 57
15 12 88
19 18 71
14 17 73
17 15 81
14 11 99
19 18 98
19 15 70
13 17 95
20 14 75
17 14 61
10 11 65
14 19 95
13 14 97
10 18 57
17 20 80
11 16 67
11 11 99
12 11 54
16 20 88
10 20 99
16 14 97
12 15 59
18 15 99
19 10 67
13 20 59
20 18 74
17 15 73
13 18 80
18 19 100
11 10 84
12 13 95
20 13 85
17 18 63
16 19 78
13 19 67
19 18 99
15 15 82
15 19 92
18 13 63
18 16 75
14 16 66
17 12 77
12 12 87
17 16 74
15 16 58
19 17 83
12 20 92
14 10 59
10 11 69
14 16 56
10 15 76
14 16 57
17 11 58
14 18 97
15 16 66
14 11 86
17 19 51
12 20 86
12 19 60
13 17 79
14 10 56
16 10 67
15 14 59
19 19 57
18 17 61
16 12 52
20 20 76
16 12 63
10 10 51
11 19 56
15 11 89
17 20 50
17 10 78
13 17 93
18 19 55
17 15 54
16 10 89
15 20 68
11 16 72
15 11 54
16 19 60
14 20 85
17 10 74
17 17 85
19 16 79
15 16 51
19 11 99
20 15 53
12 19 56
19 13 56
16 19 58
19 13 99
19 18 60
19 19 78
20 16 87
20 18 91
17 14 69
13 13 96
11 20 89
13 15 51
12 13 50
12 17 77
20 19 71
14 16 72
16 16 80
11 12 72
18 10 94
14 18 100
10 16 56
14 11 53
15 12 50
10 16 93
15 11 62
12 15 74
17 10 86
17 18 89
15 13 95
12 10 77
17 20 66
18 19 90
15 15 66
17 17 90
19 17 72
20 12 52
11 14 88
16 11 72
10 18 53
16 11 82
19 12 64
11 13 63
13 17 56
15 19 93
16 12 92
17 19 93
19 14 74
16 20 53
12 12 70
17 14 76
18 18 70
12 13 56
11 15 66
14 11 67
15 12 91
15 15 56
16 10 85
10 12 91
20 11 72
13 11 81
13 15 65
19 18 90
11 12 95
15 14 54
17 17 93
16 17 90
13 19 94
16 20 85
11 12 72
11 18 79
18 18 68
15 17 75
19 16 100
13 11 64
19 14 56
18 16 90
10 18 100
15 20 52
14 15 68
13 11 62
17 14 54
16 20 86
11 18 78
16 12 97
17 15 85
11 17 98
18 16 75
17 11 75
16 13 85
18 14 75
12 11 94
19 14 58
11 20 95
11 14 59
17 10 52
19 11 63
18 11 100
16 10 58
15 14 99
18 12 85
11 19 64
19 15 95
13 18 72
15 10 98
12 14 74
15 16 52
12 19 92
16 10 53
13 12 72
15 18 51
13 11 69
12 11 93
12 20 52
20 13 72
20 10 59
11 20 75
11 16 67
14 14 69
14 16 57
13 18 64
19 14 84
11 17 63
13 20 60
11 13 68
13 19 82
10 10 86
12 12 50
17 15 79
15 12 57
16 10 84
17 20 91
10 12 61
19 12 88
17 17 53
15 16 74
14 13 58
16 16 70
14 20 70
14 13 81
10 10 75
16 14 87
16 14 90
10 14 67
14 18 56
12 10 100
17 11 68
11 13 79
13 17 92
14 19 89
17 15 65
15 15 70
15 17 99
15 13 70
20 13 91
15 20 63
13 15 66
11 19 58
13 17 94
17 19 64
19 16 68
16 20 88
18 12 51
20 11 99
10 11 67
16 18 64
11 16 95
20 12 54
20 13 85
17 17 76
13 13 67
11 16 71
13 14 93
13 20 88
18 17 75
17 20 80
18 14 59
19 15 75
18 18 52
13 14 86
10 10 80
19 20 71
18 10 87
19 10 50
19 10 67
17 18 51
11 12 51
15 16 76
11 19 55
12 15 88
17 17 63
19 10 67
16 10 96
13 17 99
12 14 72
13 15 81
17 14 57
18 14 94
11 12 70
15 15 88
17 13 55
19 16 56
18 12 71
20 19 50
17 13 60
20 15 76
20 20 78
20 12 54
12 11 68
18 11 82
17 12 94
12 16 54
11 11 64
14 12 71
16 14 75
19 11 76
11 20 86
20 19 95
13 13 82
18 14 53
17 10 51
15 11 69
17 19 83
18 13 56
13 11 91
14 12 98
16 14 65
12 20 85
17 11 98
13 19 83
20 13 75
10 19 76
17 13 78
18 15 93
16 14 98
17 18 57
11 14 77
11 19 99
10 19 82
11 10 73
15 17 66
13 11 60
18 16 56
11 14 78
16 14 69
12 13 96
14 20 86
12 13 74
15 19 69
14 11 50
17 10 64
18 13 91
17 10 78
15 12 60
11 12 94
10 18 99
12 18 94
18 19 98
16 13 92
18 14 81
17 12 80
16 17 55
17 15 75
16 20 69
20 18 98
11 16 74
17 16 79
15 11 72
10 16 79
17 20 78
10 20 95
20 12 69
20 15 89
13 10 51
13 18 84
13 11 88
13 20 92
20 16 59
11 18 84
15 14 96
10 11 51
19 16 82
16 19 89
13 20 52
17 13 98
10 18 53
10 16 63
17 17 94
18 11 74
10 18 65
17 20 94
17 13 60
12 13 56
16 11 60
18 16 68
20 15 59
14 10 80
17 13 75
15 13 77
15 19 52
20 17 65
17 12 81
11 14 66
12 18 57
15 12 68
14 16 78
15 10 54
10 14 89
11 15 86
10 18 77
19 11 89
18 12 68
15 13 79
17 11 88
13 19 89
11 14 83
19 14 98
18 10 89
14 18 83
18 10 67
13 17 70
11 19 64
18 17 76
20 17 100
15 11 84
18 11 87
17 16 95
19 13 93
14 12 76
12 15 70
19 15 98
13 18 52
15 15 70
18 11 99
20 10 92
10 17 85
10 20 59
11 20 79
16 20 68
20 10 97
11 11 96
19 14 75
17 13 85
17 18 92
14 12 91
13 18 55
10 13 88
20 18 80
18 18 62
13 14 52
19 14 75
16 18 61
13 16 62
16 19 96
19 18 85
18 17 60
17 11 61
20 17 68
10 18 72
12 12 83
12 17 98
14 20 100
18 16 81
16 19 78
19 12 50
17 16 97
14 20 74
20 14 83
10 13 82
13 20 86
10 11 89
14 13 80
11 14 62
14 12 99
19 19 85
10 18 55
13 10 50
10 10 72
11 10 58
17 16 85
12 16 50
17 20 98
13 13 94
10 17 62
17 13 80
18 18 73
16 11 84
11 16 82
13 12 84
17 14 86
18 11 84
16 15 75
11 18 56
20 19 53
15 15 78
20 18 68
10 15 89
13 13 81
18 10 90
15 14 95
19 11 96
11 11 72
14 16 73
19 19 71
14 19 71
16 17 63
17 14 56
10 12 78
10 11 97
19 16 54
10 11 75
16 20 98
11 19 67
19 14 71
10 14 57
10 10 86
19 19 69
11 12 58
18 14 62
12 12 65
14 16 92
19 11 76
10 20 53
17 10 71
20 16 64
18 12 87
16 11 70
13 12 68
11 13 55
16 19 81
17 11 87
18 19 64
10 20 58
16 11 100
17 13 63
16 12 80
11 20 68
11 15 59
15 11 79
19 14 97
12 14 78
16 12 65
10 16 90
18 15 79
14 12 88
12 10 79
16 12 100
11 20 97
20 15 50
11 18 85
18 13 55
19 14 97
14 10 57
15 14 87
20 18 55
14 20 86
10 13 76
14 10 93
11 16 77
19 19 93
15 19 89
17 18 90
11 16 81
11 14 84
10 20 55
12 20 50
13 13 98
19 14 87
15 11 89
13 20 93
17 10 95
17 10 70
18 10 72
17 11 65
19 20 74
16 20 52
14 17 58
20 11 87
11 10 89
12 13 64
17 10 73
11 10 97
18 15 58
20 20 83
20 10 100
16 19 70
17 11 67
13 19 51
12 20 82
11 10 61
11 16 94
18 16 95
16 16 84
13 20 65
13 10 96
20 12 84
19 18 95
11 11 68
14 11 89
20 16 87
16 14 90
20 19 55
13 16 94
20 17 67
16 19 60
10 12 98
14 14 63
14 17 68
15 11 50
12 17 65
18 16 71
11 14 69
18 13 54
16 18 52
11 14 63
18 15 70
14 17 89
12 11 91
18 13 81
15 19 77
18 14 79
14 13 81
16 20 61
10 15 71
15 16 50
13 11 68
15 14 98
18 16 85
15 16 54
17 19 93
16 16 67
15 15 61
17 11 84
12 20 84
10 11 95
15 16 96
12 19 75
16 16 80
13 20 99
12 11 57
13 20 60
15 11 87
19 17 57
15 13 98
16 11 88
10 10 58
13 11 91
18 12 65
13 12 98
12 19 90
19 18 61
20 19 56
18 18 59
18 11 70
16 18 57
11 15 90
18 14 73
13 10 81
15 18 72
15 10 96
16 13 84
19 16 61
17 10 77
12 11 56
11 14 88
12 15 69
19 15 87
19 14 92
19 13 81
18 18 76
11 10 98
19 17 77
15 10 73
16 14 65
19 14 69
14 11 50
14 16 50
14 10 90
17 10 63
20 13 73
18 13 90
15 12 50
12 17 74
13 17 93
13 13 95
12 13 94
19 16 77
14 15 89
18 16 95
12 19 74
16 13 71
16 19 58
16 19 76
14 17 65
10 16 77
11 17 67
19 11 88
17 10 59
10 20 73
11 19 88
12 20 100
13 10 50
11 19 64
19 12 60
20 17 98
13 11 77
14 14 64
12 11 84
10 12 70
15 17 76
18 17 85
14 12 71
15 17 52
15 14 50
17 13 77
13 19 75
19 17 88
12 11 87
16 19 82
12 20 79
12 20 87
10 20 76
20 16 99
18 15 84
20 10 54
18 10 71
10 18 71
19 14 100
12 11 59
20 10 98
11 16 74
15 11 86
18 15 92
19 16 91
18 10 97
17 14 53
15 19 64
14 18 88
14 18 66
10 12 91
11 16 80
11 13 69
14 19 58
18 10 92
13 19 60
12 17 70
15 10 59
16 15 85
10 13 67
15 13 70
15 10 96
13 11 69
11 10 62
14 13 68
15 14 70
17 11 86
10 18 75
14 12 76
19 11 64
17 17 85
10 10 100
19 17 89
20 15 76
15 12 100
15 10 57
11 14 61
16 13 71
16 20 63
18 14 75
13 15 90
13 18 73
19 14 56
16 17 98
14 13 51
14 13 50
12 13 58
10 20 84
13 15 84
20 12 66
10 11 66
20 13 83
16 18 86
15 20 62
19 14 67
14 17 59
11 13 84
10 10 98
16 10 52
17 11 88
15 14 88
17 14 77
12 15 50
10 14 71
11 14 75
17 13 76
13 19 54
20 20 66
12 19 72
10 18 100
17 19 59
18 15 55
16 13 69
17 19 83
14 18 62
13 11 100
10 11 67
12 11 93
10 14 82
19 11 67
16 15 52
11 12 80
10 20 75
13 16 100
12 19 94
14 12 73
13 14 97
17 19 66
16 18 50
13 12 61
18 10 64
12 18 76
11 16 86
11 13 87
12 18 51
14 14 80
10 10 59
12 17 71
10 15 56
14 13 69
17 15 96
10 20 59
16 14 86
12 10 85
11 16 69
14 14 90
17 16 81
12 15 99
17 20 87
15 10 99
16 12 52
10 10 88
15 14 66
15 17 99
15 14 93
20 20 54
18 15 91
18 20 57
14 16 94
17 14 80
13 20 70
17 14 75
19 14 75
15 12 53
17 14 89
11 19 97
20 11 97
16 12 76
13 13 79
11 19 94
19 19 57
13 16 100
14 14 67
14 20 91
16 18 90
20 14 86
10 13 57
13 18 86
19 18 64
10 19 55
13 14 94
12 17 84
16 15 53
15 13 70
20 17 95
13 20 63
20 18 77
12 11 52
12 14 82
19 16 55
20 20 99
14 12 71
10 20 60
12 17 100
11 10 81
15 15 73
11 19 83
15 18 70
13 19 76
18 11 51
10 12 76
18 16 51
15 10 93
10 17 62
14 13 93
12 14 51
14 19 72
20 14 82
17 20 53
15 11 66
11 14 79
10 20 85
19 19 64
10 19 76
14 10 79
12 17 97
13 20 58
19 13 52
11 12 89
11 11 80
16 14 51
12 15 78
15 18 85
19 20 54
20 18 79
14 20 54
13 16 58
10 14 55
15 10 65
15 10 93
17 20 61
16 17 86
10 20 86
12 11 62
19 17 95
16 17 90
18 12 97
12 15 69
11 18 92
12 20 55
20 13 59
16 18 57
18 14 97
18 19 81
15 10 73
10 11 62
16 13 88
19 10 97
16 15 70
15 10 99
15 10 64
16 20 78
12 18 99
12 20 78
16 11 55
16 17 55
16 16 67
11 15 76
12 16 52
11 10 53
12 12 51
18 10 76
20 11 60
16 10 93
20 13 60
18 11 83
15 20 69
16 15 92
17 20 100
13 20 92
14 16 87
18 17 51
12 16 88
13 15 83
13 13 51
13 18 73
16 20 83
14 14 95
18 12 66
18 17 61
14 19 97
15 18 94
11 16 96
19 20 86
14 10 79
20 20 90
20 18 87
18 11 97
11 13 60
13 12 97
14 15 93
14 12 91
12 16 54
11 13 55
19 17 56
20 13 58
15 13 64
17 10 77
20 19 85
14 15 76
11 17 95
18 11 51
13 10 69
19 12 89
12 15 60
11 17 73
12 13 95
11 18 79
10 15 90
13 11 86
17 16 69
15 14 58
20 10 83
15 13 50
14 12 84
15 15 79
13 18 98
10 19 95
10 15 90
14 20 98
11 10 71
10 13 54
17 10 55
16 13 66
14 19 99
14 14 75
12 10 100
10 15 64
14 12 99
13 20 99
12 14 81
15 12 51
11 11 51
14 19 92
11 10 98
18 19 63
11 15 87
20 17 96
14 11 100
11 17 94
20 19 80
13 12 71
16 12 70
12 12 77
16 10 68
18 12 55
12 20 80
10 20 71
13 13 84
10 17 96
13 19 53
18 17 77
16 11 84
17 10 50
13 12 59
19 12 96
10 14 60
17 12 54
10 11 58
11 14 53
14 13 64
18 12 96
10 11 51
11 11 94
14 19 68
11 19 59
10 19 63
14 18 83
20 17 57
11 15 61
10 15 98
20 14 61
17 13 56
20 12 84
11 12 78
18 10 81
18 12 92
16 11 65
14 10 67
10 12 57
12 18 50
18 16 67
19 15 99
18 10 56
10 19 73
10 13 61
19 17 73
14 17 75
16 11 75
20 12 54
13 14 87
18 20 76
10 19 65
15 16 90
10 20 85
11 12 60
16 16 70
12 11 54
18 19 55
12 19 93
18 13 91
11 12 64
12 10 70
17 20 61
13 10 92
16 18 85
13 15 50
11 19 77
11 10 68
15 13 91
13 19 78
14 20 99
20 15 79
18 12 58
17 17 52
16 19 52
11 14 68
15 11 56
15 18 65
14 12 76
13 18 86
13 19 69
11 14 59
19 10 54
16 12 74
14 20 63
19 18 77
11 11 95
16 14 78
11 17 60
16 14 62
17 15 80
11 10 96
14 11 84
19 19 81
11 13 81
12 15 78
18 13 53
11 16 97
16 14 57
16 15 53
13 10 81
15 11 86
15 16 63
17 14 77
18 14 69
12 19 66
17 15 60
11 12 88
15 10 70
14 20 99
16 14 64
12 14 83
12 10 86
11 17 76
14 17 92
12 19 61
17 12 96
10 14 100
16 10 64
13 10 69
13 13 77
13 20 65
12 12 55
13 12 69
19 18 69
11 13 94
10 17 83
20 18 85
11 14 61
10 17 64
19 10 65
13 15 61
12 10 68
16 15 59
20 14 69
18 20 94
10 13 92
17 18 72
18 18 100
13 19 70
15 16 69
10 12 62
11 19 65
13 18 96
17 14 82
14 17 66
15 13 78
17 20 85
13 19 72
20 18 55
13 15 75
18 15 55
13 16 86
14 19 71
10 12 97
19 14 63
16 20 89
16 10 97
18 20 70
19 19 83
19 13 91
11 16 57
12 16 65
13 12 68
19 12 77
10 20 94
19 14 84
14 14 62
19 11 87
10 18 89
12 12 73
11 17 52
10 16 74
11 13 71
10 11 64
11 14 91
14 13 65
17 13 56
15 19 90
19 11 69
16 18 86
16 12 94
16 10 76
14 20 83
19 19 100
15 16 97
18 13 89
11 15 100
10 18 86
10 19 89
10 19 76
16 14 98
18 17 93
16 19 64
19 15 99
20 16 75
20 16 69
14 13 74
17 18 86
14 12 79
17 15 86
17 13 65
16 14 54
10 17 59
20 11 96
17 12 76
11 19 59
13 19 58
16 11 56
17 20 74
10 18 55
16 13 81
19 20 88
11 20 70
15 15 85
14 20 92
19 12 85
20 17 65
13 12 75
12 15 53
11 17 85
20 18 58
20 16 85
16 14 99
11 19 65
14 16 89
14 13 87
12 13 51
13 18 59
20 20 81
17 13 90
20 11 54
18 14 80
19 16 57
20 10 83
12 13 88
15 20 53
13 15 72
20 15 94
20 18 98
20 10 100
11 19 90
19 10 91
12 16 99
10 14 70
11 16 83
12 20 87
17 18 81
14 13 83
17 14 80
18 18 87
11 10 54
17 18 58
15 15 54
16 18 96
13 13 52
19 19 93
13 17 78
14 16 81
19 15 72
18 14 55
11 16 77
19 18 52
16 11 81
14 12 79
15 19 81
20 16 67
12 16 61
18 10 95
17 10 64
20 14 67
15 17 59
13 14 86
14 19 64
16 20 94
10 16 83
13 12 65
15 11 72
14 11 90
12 14 60
20 18 62
12 19 52
13 19 79
20 18 72
18 20 99
10 15 76
12 12 70
17 10 78
20 15 58
19 17 94
10 19 81
16 12 70
20 12 50
11 20 54
20 13 63
13 19 70
13 12 63
19 12 52
10 13 61
11 14 86
20 13 77
15 12 80
18 20 66
13 16 51
15 16 55
16 10 69
12 12 95
19 11 57
13 11 62
18 19 65
14 18 56
18 11 98
19 13 88
16 11 58
18 15 91
20 14 81
18 11 78
12 17 94
20 19 62
19 20 67
19 13 79
10 10 76
10 10 93
10 13 61
18 12 96
10 11 67
18 10 69
18 10 69
18 15 54
20 10 86
18 15 62
18 15 70
19 12 50
19 17 100
17 19 79
14 15 90
18 12 79
17 19 100
10 17 78
18 20 96
16 10 53
10 14 56
17 14 83
15 12 98
10 18 57
17 17 61
13 18 74
18 17 88
10 11 76
15 10 53
19 15 83
16 16 81
16 20 76
11 19 56
12 20 71
18 10 78
11 14 72
17 16 71
11 20 81
13 13 67
14 16 98
10 18 68
13 16 57
10 16 86
12 15 78
20 18 64
14 14 57
17 12 64
20 18 72
11 14 51
13 14 93
20 13 88
11 18 93
15 17 55
18 18 65
12 13 64
16 17 60
18 11 96
13 14 84
11 13 51
18 18 51
15 14 50
13 17 75
17 13 84
13 19 54
15 14 76
12 11 91
20 14 81
13 16 73
17 20 68
10 17 88
13 15 88
12 20 51
11 10 93
12 17 88
19 11 91
18 18 63
18 18 54
18 10 51
13 17 66
15 17 56
17 12 82
19 12 66
12 16 85
20 18 83
10 20 61
19 14 89
11 20 56
14 16 83
19 17 80
16 10 68
10 11 92
18 16 71
19 16 83
18 16 91
13 10 68
18 15 100
17 19 92
17 20 58
18 10 97
16 12 86
14 19 75
17 13 75
10 12 91
14 17 50
17 11 78
10 19 72
15 17 55
13 13 63
17 14 77
15 15 82
14 19 52
10 16 58
13 14 96
14 15 77
16 10 58
15 16 65
18 11 82
12 14 57
16 11 81
19 20 59
16 13 52
10 18 60
10 20 79
18 13 68
14 13 73
13 14 100
10 17 98
11 18 64
19 20 98
18 18 80
18 10 74
11 13 74
11 15 91
20 17 85
19 13 74
13 17 85
19 10 68
10 14 69
15 15 66
14 12 89
11 13 67
18 11 73
18 11 78
12 18 77
10 17 82
20 20 98
20 19 86
13 15 83
16 20 52
12 15 56
14 15 58
15 10 53
10 11 70
20 20 71
12 20 66
14 13 83
15 10 92
12 14 97
11 15 100
15 15 52
14 16 94
11 14 93
17 19 73
14 16 87
13 18 61
12 10 58
14 12 54
18 15 99
15 19 98
18 13 92
17 19 54
13 10 75
19 10 72
18 10 87
18 16 71
20 20 84
15 11 98
20 16 75
12 11 67
18 14 99
18 15 77
11 17 98
11 18 59
13 10 66
20 15 56
20 16 84
10 17 83
18 20 60
20 15 69
14 12 79
12 15 57
18 18 87
10 16 97
20 16 88
18 11 98
19 13 85
15 18 54
13 12 97
10 10 81
12 11 54
18 16 72
11 11 62
20 20 85
14 16 66
13 14 99
15 20 97
12 20 75
10 10 82
14 13 55
16 14 60
19 13 65
19 11 77
16 17 61
16 10 65
10 19 91
17 18 67
10 20 50
20 15 66
17 12 57
14 11 87
17 15 58
16 12 62
13 14 65
12 20 68
16 10 87
15 10 70
15 14 69
15 10 52
16 13 55
10 10 68
15 14 58
17 11 81
15 15 80
13 13 99
20 16 87
10 10 59
18 20 97
18 17 86
16 11 91
19 14 85
12 14 68
11 16 85
18 12 64
16 10 87
19 11 96
13 19 96
11 18 83
14 15 81
19 19 76
16 19 68
13 13 80
19 13 65
15 18 59
11 12 80
14 12 52
14 14 94
13 16 98
17 17 63
18 19 51
10 12 69
13 12 52
20 10 82
15 20 65
19 17 53
16 18 70
12 10 51
17 15 81
11 10 52
15 13 94
12 13 94
17 17 55
17 18 100
20 15 84
16 14 78
16 10 71
10 18 83
10 14 67
17 10 53
14 14 72
20 17 64
10 19 90
14 14 52
18 16 60
13 18 100
11 18 86
14 12 61
17 20 50
14 11 93
10 15 81
19 16 98
15 10 87
17 17 75
18 14 50
17 16 71
18 15 70
13 19 67
12 13 100
13 14 68
19 19 59
20 13 52
14 18 92
20 12 76
14 16 100
17 12 57
14 11 80
18 17 63
16 16 64
16 19 64
13 12 70
15 16 73
12 19 99
19 19 79
17 19 63
18 16 94
13 20 58
18 16 100
13 14 97
12 15 98
19 11 73
17 14 59
20 10 72
10 12 71
13 11 91
12 12 96
20 19 82
15 18 70
12 12 77
18 16 98
20 16 70
19 16 63
18 14 88
12 19 89
16 12 57
17 18 92
16 14 69
13 12 86
12 16 56
17 13 87
10 12 90
13 17 95
17 13 69
16 17 71
15 14 88
18 15 76
16 10 91
17 13 53
13 13 83
11 10 88
15 13 93
10 16 98
11 20 76
14 20 58
16 15 87
17 17 70
18 11 85
20 15 75
10 17 68
15 17 80
17 14 86
10 10 74
11 14 69
20 15 80
18 19 51
19 15 50
16 15 86
13 14 100
15 14 97
10 20 52
10 15 95
18 10 72
11 20 63
13 11 92
10 11 100
12 16 86
17 16 91
20 12 99
14 14 51
20 14 88
11 19 96
16 18 60
10 18 83
11 12 96
13 18 72
13 15 81
10 13 67
17 12 78
14 20 81
19 13 71
12 17 99
10 11 93
11 12 70
17 12 53
19 12 76
13 16 97
11 20 73
16 19 73
18 10 90
20 17 87
18 13 68
12 12 100
13 20 78
14 19 87
12 11 92
19 16 78
17 20 69
16 10 71
12 17 87
11 17 55
10 13 95
19 15 57
15 14 90
11 16 83
11 10 77
19 17 50
12 14 68
14 13 85
19 19 86
19 18 69
10 12 83
11 19 61
16 17 62
20 18 75
17 11 92
13 20 65
10 15 55
10 15 68
16 20 97
17 11 56
12 10 66
15 18 65
12 19 95
12 17 69
15 20 75
20 12 64
19 18 91
15 20 60
11 10 60
20 12 92
12 11 88
16 13 69
11 15 63
12 18 80
12 17 97
14 12 77
19 20 73
13 15 90
15 17 72
13 14 57
17 15 78
15 10 81
10 14 98
19 20 82
15 14 99
17 10 64
10 10 64
14 16 66
19 13 95
18 17 92
14 18 64
20 15 68
17 13 80
17 10 73
15 17 95
13 13 76
20 13 96
13 17 98
20 10 94
13 20 71
12 18 57
10 14 91
18 11 87
12 11 100
12 19 90
10 19 88
13 20 78
15 14 89
15 10 54
12 15 75
12 19 65
14 15 93
18 12 56
10 17 94
11 11 73
17 10 78
16 16 52
12 20 92
11 20 71
11 18 51
15 11 78
20 14 100
14 19 74
16 14 81
12 10 73
20 10 87
15 20 52
10 15 65
11 12 83
15 15 67
14 12 66
13 18 71
12 18 81
18 13 71
10 15 58
12 11 66
16 15 60
10 19 90
17 18 53
20 16 66
19 16 59
14 16 84
15 18 62
19 19 62
17 10 88
20 20 76
16 17 65
14 14 94
13 13 98
18 18 83
19 16 70
14 16 71
11 20 75
15 15 94
11 17 75
13 17 96
10 18 91
15 20 99
13 19 61
18 13 55
11 17 79
10 11 70
14 19 84
20 18 99
13 12 98
13 12 97
11 13 54
12 14 99
14 18 79
16 20 74
18 20 91
13 19 64
19 17 82
11 11 76
20 18 68
10 14 80
20 20 84
14 16 65
13 19 81
16 17 67
18 14 95
10 15 61
11 13 57
20 18 77
20 12 69
12 13 79
12 18 83
14 12 96
19 13 89
11 18 70
15 16 50
20 11 81
17 11 67
16 11 100
16 12 58
15 11 73
13 14 85
13 12 90
12 16 56
19 13 52
20 12 81
15 11 79
10 13 75
10 15 68
14 17 69
19 19 70
10 10 84
10 17 65
10 17 68
20 19 94
10 12 98
15 19 83
20 10 57
11 10 63
14 16 65
14 16 61
16 11 88
14 16 54
10 18 80
13 20 62
13 16 88
14 11 82
17 15 74
12 13 62
18 19 50
10 20 61
11 10 73
16 16 67
12 19 98
16 14 70
12 10 94
15 20 70
20 10 50
16 13 74
16 11 67
11 10 90
11 19 81
12 11 87
10 10 53
20 10 72
13 18 57
20 11 56
19 10 68
17 17 94
17 14 78
12 13 63
14 15 63
12 17 92
11 19 56
12 14 88
18 11 79
13 19 76
10 17 84
12 15 84
14 17 80
13 20 75
20 20 58
19 19 91
15 18 91
11 13 89
18 10 74
14 18 50
19 16 72
14 15 94
15 18 65
14 10 79
20 13 78
10 19 62
19 11 93
14 20 85
11 15 93
11 11 79
17 18 75
15 16 63
16 13 95
11 11 93
10 17 51
19 18 70
13 18 60
18 15 73
10 18 56
15 11 58
10 19 71
13 12 65
19 16 53
16 16 65
10 19 60
10 19 63
15 11 89
13 20 100
16 12 79
19 12 99
10 14 97
13 12 62
20 20 79
11 19 66
16 20 55
16 10 51
16 12 71
10 15 63
10 15 52
12 16 92
14 13 88
11 12 65
17 11 82
16 17 80
10 20 70
20 17 90
12 20 57
16 15 59
14 18 53
13 17 97
12 19 95
18 18 71
10 19 53
16 13 89
17 15 75
10 14 92
16 18 61
20 10 90
18 15 79
17 17 58
18 19 83
14 19 69
18 13 87
18 19 79
10 20 58
13 18 75
15 14 100
19 11 87
15 15 57
15 11 53
16 10 79
16 13 78
15 16 68
16 19 51
11 11 52
18 16 64
14 14 55
16 18 66
11 11 96
15 12 87
14 16 78
19 14 90
17 10 83
11 18 70
10 18 96
10 11 91
17 19 92
10 18 77
15 17 77
16 16 66
16 19 50
13 17 51
14 14 71
11 13 55
19 20 88
10 17 56
14 13 51
11 10 74
10 15 86
17 17 84
14 10 70
12 10 59
14 10 82
18 15 67
13 18 69
20 19 89
18 19 78
15 13 77
17 15 69
19 11 56
18 14 65
15 12 83
20 13 77
15 16 75
17 10 81
11 17 99
14 18 81
10 19 92
15 20 57
10 20 73
20 15 73
13 16 66
15 10 67
10 18 100
13 17 67
13 13 100
15 19 75
14 10 71
15 18 54
18 13 94
17 15 99
14 19 79
19 17 66
17 12 61
14 16 55
17 18 78
20 11 87
12 19 50
19 14 71
19 16 100
10 19 50
10 15 83
11 13 90
14 18 90
17 14 95
16 12 78
16 10 86
11 18 59
16 14 90
16 20 98
19 19 86
15 11 59
13 12 80
16 12 93
13 13 83
13 14 96
15 15 52
10 18 67
16 12 83
19 15 66
19 19 67
20 11 75
17 11 98
18 17 84
11 15 96
16 10 98
17 13 89
11 14 86
18 20 58
11 12 61
13 16 72
19 20 59
17 13 55
10 16 81
13 19 79
10 10 64
12 15 63
15 10 61
16 16 51
18 18 73
16 10 100
19 15 95
17 11 85
13 11 100
16 20 88
11 16 67
17 11 93
19 20 69
11 17 80
12 11 93
20 11 82
11 14 92
18 20 58
14 10 83
18 18 96
11 11 82
16 20 69
16 20 54
18 14 75
14 16 72
19 10 60
16 14 80
14 18 67
11 19 57
15 10 96
11 10 52
19 17 63
17 14 80
13 16 73
18 11 87
10 17 52
19 18 91
15 13 57
15 12 68
17 11 82
19 12 72
20 17 86
13 18 74
12 19 84
19 19 63
15 10 93
12 15 100
14 16 52
16 15 97
18 16 76
17 17 68
12 10 61
19 15 92
10 19 84
18 13 65
13 16 63
10 11 66
10 10 57
17 11 65
13 18 51
17 18 79
17 14 59
16 17 85
18 12 63
17 14 60
14 20 68
19 10 84
17 12 99
16 15 92
16 20 92
15 14 60
15 13 96
15 13 68
10 12 96
18 11 98
10 10 56
18 14 90
15 16 76
15 20 64
20 19 74
10 16 87
17 14 96
11 20 77
17 10 74
14 20 67
20 13 86
16 17 66
18 20 86
15 17 91
16 15 91
20 17 92
11 17 51
15 11 98
11 15 77
14 11 88
13 12 80
17 20 94
20 17 88
12 13 60
17 18 93
15 17 93
13 15 85
17 19 52
12 18 90
20 13 63
20 13 97
10 17 63
16 15 100
13 19 85
15 14 65
13 10 98
16 18 92
16 17 65
17 13 76
10 14 60
10 15 61
11 10 98
16 12 95
17 17 73
13 19 55
10 20 58
15 19 83
19 15 57
17 17 82
10 11 87
17 10 86
19 19 58
20 14 84
15 11 77
14 10 53
10 15 60
19 12 69
18 19 58
12 19 90
11 20 81
13 16 94
14 20 73
20 14 67
19 14 56
16 15 81
18 18 92
18 16 63
17 13 73
15 15 70
19 14 80
12 19 73
16 17 72
12 19 95
15 19 52
18 19 87
17 16 91
18 18 89
20 16 55
15 17 90
20 16 64
20 13 64
14 16 86
14 13 78
15 15 58
17 18 50
18 10 61
12 10 53
11 14 94
18 19 67
17 12 92
11 18 97
12 19 93
18 20 99
20 17 51
10 19 76
10 11 90
20 17 90
15 13 84
19 17 60
11 11 63
15 14 50
11 12 94
17 18 57
16 15 70
16 20 93
14 16 85
20 10 80
16 16 69
15 15 92
12 20 83
20 14 89
18 16 82
14 16 62
19 12 61
15 17 68
13 15 85
10 12 87
11 16 77
10 10 93
20 12 74
10 15 88
14 17 60
11 14 92
17 18 63
19 20 57
10 18 93
13 15 93
13 17 80
10 11 77
18 10 86
14 13 91
10 12 50
18 10 73
16 18 70
15 15 58
19 10 84
13 19 70
18 17 68
13 14 81
20 13 88
20 15 57
15 12 64
16 11 81
18 15 68
15 12 98
10 18 75
20 15 85
20 13 60
11 15 74
14 11 79
13 19 82
20 16 77
15 14 67
13 12 80
10 19 52
19 16 91
16 18 50
12 14 68
10 19 78
14 14 99
20 17 55
16 14 81
12 11 100
18 11 73
19 15 77
13 11 61
12 13 84
14 15 87
10 10 86
10 15 53
11 14 74
20 16 84
19 20 68
12 17 66
16 10 90
12 15 67
16 19 76
10 13 100
12 14 87
10 15 59
11 20 79
14 19 87
17 15 66
15 15 97
12 13 57
16 10 67
17 10 50
14 18 74
12 11 86
16 16 79
11 18 83
14 10 63
17 15 69
17 20 69
11 17 64
11 19 51
13 18 99
14 17 84
15 14 65
11 11 97
11 17 80
15 15 70
14 12 51
19 18 82
11 16 87
20 12 66
17 12 72
10 15 73
19 16 90
10 18 76
14 18 83
12 20 94
16 13 100
17 11 86
12 18 62
17 19 64
19 11 95
20 15 61
10 18 81
17 13 78
11 20 89
16 13 81
10 15 66
14 18 72
16 15 81
19 16 62
11 19 86
11 20 100
12 14 90
13 13 88
10 11 96
12 18 89
12 19 74
13 12 99
16 17 93
10 19 90
11 19 91
12 19 62
18 17 97
14 19 84
20 15 76
15 19 93
18 20 63
15 20 54
17 19 90
11 20 73
18 17 59
15 20 69
19 15 89
13 11 59
13 15 91
18 17 54
10 18 99
19 10 80
17 10 52
16 10 59
16 10 82
17 10 71
13 10 91
12 18 85
18 12 94
19 10 68
13 20 55
10 12 96
10 16 80
16 15 80
15 15 75
14 13 51
14 15 97
10 14 99
16 15 64
17 12 82
13 12 74
11 12 75
20 20 91
13 15 86
20 18 62
19 10 64
14 16 82
17 16 96
16 11 64
18 11 90
19 15 72
17 12 58
17 20 97
20 16 50
20 17 69
20 15 77
10 15 91
19 14 78
19 11 56
13 18 97
12 11 63
11 12 63
10 10 54
18 15 57
17 13 60
14 20 90
19 20 63
19 14 97
11 17 84
12 12 61
19 17 81
17 13 73
20 17 84
18 18 93
12 19 62
12 11 92
11 10 80
10 16 57
18 18 97
16 14 62
18 17 55
14 12 60
18 12 98
12 17 84
11 16 74
14 15 88
18 13 90
14 12 97
19 14 76
18 20 83
14 20 87
16 15 54
19 16 65
15 15 75
15 14 64
13 18 51
13 12 73
14 16 62
18 13 79
12 18 67
19 20 63
16 14 91
17 15 69
10 12 87
10 16 83
16 18 88
18 11 92
19 17 56
16 13 52
15 15 90
18 17 61
20 20 82
18 13 50
14 16 84
12 12 67
12 16 85
11 11 65
19 19 62
15 18 56
17 11 67
13 14 77
15 13 72
17 18 74
19 10 68
12 13 75
20 13 80
14 16 79
20 11 62
17 16 60
11 13 81
12 20 92
10 20 56
20 19 91
20 20 52
15 15 57
12 16 84
11 17 68
18 14 80
17 17 100
17 10 65
11 14 78
11 14 67
18 17 70
13 19 53
17 18 68
12 15 97
16 11 100
19 14 91
15 14 53
16 16 78
19 20 92
18 15 57
17 19 84
11 19 82
16 18 66
19 17 74
13 20 97
19 12 50
17 16 74
16 10 72
13 19 72
16 18 65
17 14 75
17 17 53
13 17 73
11 13 94
19 16 53
20 19 70
16 17 96
15 18 53
16 16 51
15 13 84
12 15 72
15 19 63
11 13 61
15 10 68
13 20 91
17 17 78
10 20 97
19 12 51
14 18 59
10 17 87
10 18 92
17 14 89
13 18 75
12 15 77
18 18 66
13 17 52
20 18 73
10 12 70
14 15 90
15 19 56
20 11 69
15 14 70
16 20 72
13 12 87
18 13 99
13 18 72
18 18 79
10 15 70
20 10 100
20 17 68
19 19 71
13 13 96
12 12 58
12 12 91
11 14 67
20 20 78
10 15 79
19 14 72
18 12 97
13 18 81
10 17 68
15 12 87
13 10 85
10 11 80
14 20 66
15 14 52
19 12 89
10 11 91
13 13 73
19 16 99
20 14 51
11 19 71
16 19 50
15 20 75
19 15 83
15 18 96
11 19 52
19 16 74
10 14 64
15 14 81
11 18 98
15 11 53
20 18 87
14 18 93
16 10 61
18 17 62
15 20 52
14 15 72
16 13 94
10 17 61
17 17 91
15 10 72
17 12 97
13 10 85
12 13 77
16 14 93
11 10 72
10 10 88
16 12 65
15 13 74
11 19 90
10 11 83
13 11 63
12 15 70
15 12 53
17 19 98
14 14 73
16 14 85
13 18 84
14 20 57
17 20 71
18 19 70
14 18 77
13 13 54
12 20 67
14 20 82
10 10 65
16 14 84
13 12 82
17 20 55
10 18 57
19 11 94
18 20 59
16 17 100
18 10 100
15 18 58
16 14 83
10 19 73
15 12 88
15 18 58
18 15 55
16 13 74
16 10 77
15 19 69
11 14 51
13 20 75
16 13 93
14 19 85
13 10 97
13 10 69
13 10 89
17 16 91
16 16 91
14 13 89
19 20 96
15 14 94
18 11 52
17 10 90
17 12 75
10 12 91
12 14 77
12 12 82
17 16 75
14 10 53
18 19 52
14 18 99
20 19 91
11 12 86
12 16 52
15 12 60
10 18 77
12 12 83
10 11 52
16 14 56
10 19 56
14 12 80
14 16 55
13 11 90
20 10 57
10 18 52
15 15 61
17 18 66
18 16 94
13 12 68
20 18 72
18 15 98
18 10 100
15 11 59
13 10 77
20 19 89
13 13 96
20 20 59
10 16 83
16 18 88
15 16 54
10 14 89
18 10 97
18 12 69
18 16 93
11 17 67
20 11 81
19 20 64
12 17 52
19 10 95
11 10 63
18 19 95
14 16 78
16 20 58
18 15 50
20 15 51
11 14 75
14 16 92
15 20 74
14 13 88
15 12 75
15 20 59
20 20 88
11 12 88
20 17 64
15 19 64
11 15 98
18 20 91
17 15 79
12 18 93
17 13 60
15 15 73
15 18 78
15 17 62
13 16 54
17 15 71
11 12 89
10 11 73
19 11 56
15 14 72
17 15 59
10 14 85
13 17 72
16 11 100
11 19 98
15 18 82
11 10 83
10 15 58
18 15 66
14 18 70
12 12 53
13 12 66
20 13 57
19 12 57
11 16 67
13 18 69
20 19 94
20 15 76
20 10 87
17 12 69
13 18 51
12 19 95
18 14 90
16 17 53
12 13 59
10 11 99
18 11 82
11 11 89
15 18 90
13 14 69
11 17 68
15 17 54
16 14 72
20 15 62
20 14 99
20 13 94
11 16 77
14 18 80
10 15 76
11 13 87
19 18 65
13 13 66
19 14 84
10 10 83
17 20 52
16 14 71
13 17 98
10 18 95
16 16 83
18 10 80
10 18 76
11 15 50
12 10 57
11 17 92
16 14 66
15 20 91
10 14 99
18 11 66
13 18 81
20 17 69
12 12 50
16 13 58
19 16 86
17 20 72
15 19 53
13 13 89
13 15 57
12 18 83
10 12 78
15 18 68
12 18 85
18 19 54
13 12 88
19 17 88
17 10 88
16 12 96
13 15 59
15 13 88
20 20 97
18 14 58
14 18 51
20 17 83
11 12 72
17 14 55
13 17 78
19 13 90
19 15 74
13 17 69
15 19 100
13 17 85
12 15 68
16 17 90
13 12 76
16 11 82
14 12 60
20 18 54
20 13 70
20 14 73
20 12 86
20 15 90
18 17 97
15 14 86
12 13 98
14 15 57
10 10 91
12 16 62
15 19 85
14 18 72
19 16 72
12 12 89
18 12 83
10 18 59
19 15 100
11 12 66
18 13 50
12 11 58
18 13 94
19 10 83
19 15 90
12 12 55
10 13 71
14 15 95
19 18 80
18 13 73
18 13 65
19 15 56
10 14 85
17 14 97
12 15 93
10 12 89
15 10 90
12 10 73
14 11 54
17 19 60
10 17 89
11 12 71
19 19 83
18 15 89
20 17 50
13 13 93
11 10 82
13 15 78
14 16 79
15 15 52
11 15 86
15 19 57
12 14 57
20 13 65
20 19 67
20 20 68
14 14 93
11 15 66
16 13 91
16 15 55
19 18 60
13 19 71
13 13 68
17 13 59
18 13 94
13 16 50
14 19 98
17 17 55
15 16 96
15 15 90
15 20 82
15 19 54
11 11 96
11 13 75
20 15 60
18 17 58
16 17 54
17 16 63
17 11 83
17 16 93
10 10 64
20 18 54
16 17 77
11 15 86
18 19 60
16 16 59
10 19 59
11 14 62
11 19 93
18 12 93
13 10 87
19 19 62
10 19 81
19 14 85
14 15 63
14 14 82
17 17 78
14 19 57
13 16 95
14 19 59
20 13 64
10 10 86
13 20 65
20 17 65
19 18 56
16 17 74
11 13 92
10 18 73
19 14 96
12 11 92
20 20 64
11 10 55
18 20 64
12 17 68
13 12 100
19 19 71
16 17 96
20 17 51
10 14 69
18 10 83
15 18 56
18 12 53
18 13 66
15 12 92
13 18 73
20 18 83
13 20 83
10 12 79
20 19 75
12 20 55
11 16 79
12 17 93
14 16 51
10 20 90
11 20 72
17 16 89
16 14 96
15 15 80
19 19 57
13 13 74
16 12 61
17 19 50
12 17 95
14 15 51
11 20 77
11 20 50
13 14 90
15 16 95
12 20 74
11 13 84
10 15 86
16 12 60
19 17 92
10 16 59
12 18 91
11 16 61
15 15 79
19 12 99
19 20 94
11 20 58
20 12 55
16 17 87
15 18 83
16 12 59
18 10 78
19 13 61
18 11 95
16 20 96
15 19 69
15 18 51
17 19 56
12 18 65
16 15 50
11 11 56
13 15 100
11 13 86
11 13 99
10 20 55
13 18 97
17 15 56
13 12 68
12 14 83
15 19 63
11 18 63
18 16 76
18 10 50
14 16 95
17 14 91
16 11 60
17 19 68
14 16 92
13 19 77
12 19 95
12 15 53
14 20 63
20 17 93
10 12 60
17 16 93
15 14 58
20 10 76
19 17 53
16 14 93
14 19 69
16 10 50
19 20 83
17 10 86
20 12 57
10 15 94
13 13 87
10 14 52
11 19 52
14 17 97
10 17 60
17 17 53
19 20 78
19 14 82
19 17 64
16 18 63
12 19 95
17 11 86
11 16 59
13 10 97
20 19 77
15 10 100
18 18 96
11 16 70
16 18 99
11 11 79
15 16 57
17 13 91
10 11 60
17 16 88
13 19 84
18 14 62
17 18 84
17 20 68
18 11 89
18 15 72
12 19 97
15 11 74
16 12 97
14 11 90
15 19 92
15 20 60
14 17 90
12 12 88
10 15 56
13 10 71
12 11 56
14 13 56
13 13 91
12 11 93
17 10 80
12 15 75
10 14 100
14 16 63
15 10 74
12 11 93
20 18 76
19 16 61
13 19 63
18 16 86
11 13 86
14 17 56
10 12 55
18 15 65
11 14 62
16 15 70
11 14 71
19 17 100
18 17 68
19 20 59
17 18 59
14 20 76
12 16 58
10 10 55
16 15 70
16 14 55
16 10 60
11 16 56
17 18 82
19 11 66
18 17 88
10 10 88
20 11 58
14 16 53
14 19 62
12 10 80
17 18 69
11 16 100
15 16 89
18 20 99
19 20 91
13 11 65
13 10 81
17 15 83
14 17 67
13 10 57
17 13 85
19 12 96
19 18 63
14 17 61
12 11 94
10 19 99
13 19 99
16 15 93
12 11 63
13 14 90
20 15 52
14 15 98
10 10 69
18 18 52
17 20 100
20 10 67
12 12 50
15 12 59
16 15 77
11 16 66
20 16 58
20 17 64
12 18 68
15 14 63
16 18 80
17 20 63
10 17 94
12 19 84
20 11 92
16 13 66
20 10 69
12 18 67
13 19 76
16 14 81
19 16 93
10 11 55
17 11 87
17 20 57
11 10 51
15 20 64
18 16 50
11 13 87
12 16 54
13 14 53
11 14 50
10 17 94
11 19 67
13 12 92
19 18 89
19 12 100
11 19 85
20 15 70
11 13 87
11 16 65
14 11 99
19 18 69
19 10 73
11 20 83
17 16 85
16 19 77
20 14 76
15 15 93
15 18 90
15 19 66
17 14 94
20 15 61
12 20 58
11 18 67
15 12 66
17 18 62
15 12 69
14 15 50
19 16 68
18 14 74
18 18 52
17 18 57
11 11 93
19 13 68
18 14 74
17 14 59
15 19 74
13 15 72
14 17 70
20 14 56
12 10 70
14 16 78
19 20 97
13 16 55
12 16 83
10 17 70
12 10 70
17 10 79
15 12 77
13 13 93
11 20 96
12 16 68
13 13 97
13 13 52
15 14 61
18 20 60
11 14 77
19 11 77
18 10 89
14 17 89
20 16 61
10 16 65
19 13 94
13 18 100
12 16 61
17 10 92
11 17 78
10 19 99
14 15 90
16 18 86
14 17 66
15 13 67
17 18 81
17 19 74
18 12 82
13 16 58
14 14 56
20 19 58
12 11 61
16 17 52
14 20 59
16 12 52
20 18 64
19 19 85
13 12 100
13 15 70
15 11 73
17 15 72
16 13 55
20 19 77
13 17 81
12 14 51
15 16 87
12 12 66
14 18 98
10 13 100
15 17 65
20 12 51
16 16 51
19 15 69
10 19 81
19 17 72
14 10 67
16 14 52
10 19 65
18 18 85
11 16 79
18 17 68
15 19 79
19 12 88
14 15 63
10 19 72
12 13 57
19 18 65
10 15 95
17 11 82
11 12 83
18 17 84
19 17 59
14 15 92
19 15 73
10 15 96
13 20 100
14 12 71
11 12 69
14 14 86
14 12 91
13 15 97
15 20 91
13 16 67
14 17 66
12 11 54
18 11 92
16 20 100
12 19 100
11 15 74
19 17 99
13 18 90
13 17 84
14 18 52
19 14 69
16 14 87
14 13 66
19 14 73
17 12 97
10 15 72
12 14 83
15 19 52
12 15 80
13 20 82
20 10 71
10 14 87
15 13 83
16 14 58
14 11 65
12 11 80
13 11 95
13 12 51
19 19 59
15 10 66
16 20 87
16 12 71
12 20 86
13 15 79
16 20 70
11 13 90
19 15 73
16 17 93
11 12 75
18 18 82
19 16 67
18 18 55
12 16 59
12 15 91
20 19 78
12 13 57
19 17 50
15 20 59
12 17 74
14 15 66
12 15 100
11 16 91
11 14 61
20 20 76
17 14 66
18 17 69
20 10 88
20 17 73
10 17 89
14 14 98
15 20 88
11 11 64
20 15 60
16 20 81
16 16 86
14 20 66
17 10 92
14 20 56
11 14 74
15 18 71
17 14 92
12 15 83
14 17 70
18 17 71
19 13 56
12 11 96
14 14 57
14 14 59
12 10 87
19 19 68
18 10 73
18 12 54
12 13 76
20 18 56
18 14 61
15 12 66
20 13 63
16 16 63
14 20 88
18 17 82
20 19 94
19 11 81
15 19 51
12 15 58
14 16 68
17 14 93
20 13 87
20 14 87
14 13 99
18 20 60
14 13 53
16 14 70
18 16 85
14 16 94
19 20 70
19 11 99
12 12 60
20 19 54
16 17 68
20 15 74
20 14 70
14 15 60
19 20 98
11 15 61
15 15 56
18 11 98
10 19 62
16 11 98
18 20 67
16 11 55
20 13 77
19 18 61
19 20 85
19 20 87
17 18 55
15 15 83
18 12 65
14 18 89
15 14 54
15 15 64
10 10 50
18 10 85
10 11 53
17 19 74
17 19 92
13 13 89
14 18 97
13 10 90
14 15 77
14 10 90
20 13 100
10 20 92
20 10 50
14 14 65
16 15 93
17 10 60
12 10 83
11 12 73
17 16 95
19 15 79
19 16 72
20 15 83
10 14 67
14 10 79
15 10 78
19 14 66
17 14 86
13 12 73
12 14 62
16 17 59
20 18 51
15 20 82
13 15 51
14 16 54
12 18 97
20 19 83
11 20 74
18 13 88
10 13 84
11 10 71
20 19 71
15 15 80
13 10 61
20 11 99
14 10 77
18 16 83
15 14 64
13 20 76
20 15 69
16 19 79
13 15 100
15 19 90
12 18 56
14 12 96
12 16 81
18 19 79
10 11 99
11 16 63
14 10 73
19 16 83
15 14 59
17 16 77
16 12 87
12 11 66
12 14 78
10 19 90
19 10 58
10 16 83
20 15 85
18 17 66
11 16 55
12 16 83
11 10 69
16 11 57
19 11 76
19 15 58
13 15 59
11 11 85
17 17 68
20 17 100
11 12 67
14 16 63
10 10 59
16 19 87
14 14 53
14 16 97
17 19 64
19 12 74
20 10 69
11 12 92
15 11 80
20 15 56
13 10 89
18 10 90
10 16 77
13 17 85
15 14 92
12 20 60
11 17 87
16 14 56
19 13 88
18 18 82
11 13 73
20 17 90
19 18 95
20 11 54
18 12 75
12 19 59
10 12 78
19 10 91
11 17 82
12 19 57
20 11 73
13 13 93
14 16 78
14 10 99
12 17 89
11 12 53
12 19 54
14 14 58
18 18 100
16 14 88
17 11 71
12 20 93
18 10 55
16 10 63
18 15 87
13 17 76
10 13 72
15 18 97
20 10 85
18 14 82
12 14 60
13 12 69
17 11 90
11 14 81
14 13 58
18 14 61
17 10 90
17 10 58
17 13 73
17 20 98
19 16 96
16 15 64
17 14 64
16 11 89
19 15 86
17 17 89
14 10 83
13 13 81
12 17 50
12 19 53
14 13 68
12 15 58
13 17 94
11 20 99
11 17 84
16 12 79
20 11 56
17 18 70
12 14 80
17 10 88
13 16 84
14 12 91
10 19 68
20 12 61
10 20 79
13 18 62
16 19 82
20 19 96
15 10 97
19 19 70
18 12 72
20 11 74
19 13 76
17 16 98
16 12 83
15 19 82
13 20 52
18 20 59
12 11 93
17 14 77
16 15 58
15 10 83
12 20 77
15 20 76
19 20 87
13 17 82
17 12 65
12 13 98
18 17 50
10 12 67
17 10 85
13 18 57
17 20 84
10 15 90
10 19 61
12 15 50
13 10 68
11 10 59
10 12 51
10 15 100
18 20 89
15 13 77
15 11 85
11 20 66
16 17 55
16 19 75
17 16 87
12 14 99
13 10 90
12 14 97
16 12 84
10 20 63
16 15 70
18 19 52
20 12 52
14 18 78
11 11 93
13 12 74
19 18 65
11 13 63
14 19 79
12 19 51
17 19 99
17 15 74
18 13 67
11 16 70
14 18 66
17 20 100
10 19 90
12 15 93
12 11 75
13 11 64
11 12 85
14 11 53
15 20 67
20 11 72
17 10 74
16 18 58
16 17 67
13 19 75
10 15 96
15 18 76
16 19 70
12 13 80
10 15 56
19 12 96
15 20 73
20 17 50
17 11 83
13 20 65
10 13 91
12 20 81
14 15 94
18 18 64
10 13 56
13 13 86
10 18 89
10 18 83
17 20 83
15 17 72
11 19 67
15 13 95
12 16 72
17 17 52
17 11 53
14 17 59
16 19 61
13 20 69
18 18 54
20 10 75
10 14 91
20 10 94
16 20 71
10 13 76
12 17 100
14 11 73
19 10 95
20 20 97
14 12 91
16 14 86
10 12 67
14 17 61
16 11 63
13 15 75
20 15 98
20 15 94
18 12 90
13 15 98
15 19 81
14 13 78
11 10 98
10 10 92
15 15 72
11 12 50
11 10 88
16 14 76
18 12 62
13 18 50
15 12 89
12 18 91
20 17 71
18 10 80
20 13 75
15 17 52
17 19 92
13 19 74
11 12 67
15 18 90
10 13 86
17 18 59
14 19 51
10 18 80
19 10 77
13 20 61
13 12 76
18 13 56
16 19 53
19 19 74
15 11 61
12 20 72
18 18 52
12 19 85
11 20 97
18 15 96
17 13 50
12 16 76
17 18 62
12 16 71
14 15 86
11 13 75
13 12 88
16 10 68
17 19 57
12 14 53
16 19 81
15 12 73
12 19 68
18 17 59
11 17 76
20 13 95
11 11 86
18 18 98
19 13 96
19 20 75
15 14 50
15 17 60
20 15 63
20 16 60
12 10 83
13 20 67
19 19 96
15 15 57
10 12 56
19 12 85
20 19 52
10 12 99
17 15 97
11 17 59
20 20 95
11 14 73
15 12 72
19 16 50
14 11 90
10 15 50
20 10 73
12 10 73
18 13 70
14 20 90
18 20 88
18 11 68
15 19 90
14 17 69
14 13 100
19 19 54
11 11 86
12 14 57
13 14 54
15 16 68
10 20 53
20 18 95
16 13 69
14 13 75
13 11 67
13 18 54
10 19 74
15 17 91
14 19 73
18 15 68
16 20 58
12 14 51
10 20 91
10 15 71
18 11 56
10 19 51
20 16 87
15 11 84
16 11 77
12 13 87
19 10 73
12 16 89
13 17 68
20 19 57
18 18 94
14 10 88
16 14 100
10 10 86
16 11 79
14 10 82
10 14 88
15 13 79
14 17 61
11 11 98
20 20 92
20 18 95
18 17 80
17 12 53
16 19 89
13 19 67
18 18 70
11 15 76
11 20 93
16 19 69
16 13 75
14 17 72
18 13 91
17 12 60
15 10 90
11 17 90
20 20 78
13 13 96
20 12 86
18 17 94
16 14 73
20 16 73
15 16 80
15 15 83
15 11 80
20 15 59
16 14 58
13 14 54
20 19 78
17 17 60
18 19 62
19 14 90
18 19 53
17 11 87
14 16 66
13 14 65
18 13 71
16 11 99
20 11 85
14 10 86
12 19 75
11 20 100
17 10 87
13 16 62
15 17 50
19 16 90
15 17 64
13 15 96
18 15 59
18 15 76
13 17 87
19 17 63
16 20 54
14 17 73
15 12 81
14 12 55
14 19 81
20 19 61
15 16 72
18 19 97
16 16 70
10 11 68
11 11 89
17 14 50
13 18 75
13 16 59
14 14 89
13 10 62
15 16 68
14 19 89
17 15 91
15 16 53
14 15 100
18 13 64
13 18 50
20 13 98
12 11 88
20 14 84
10 14 83
14 12 67
10 12 70
18 13 84
14 16 70
17 15 64
11 12 75
12 19 59
12 12 76
14 12 81
19 20 93
20 17 64
15 15 80
17 19 82
14 12 95
10 18 74
11 17 79
11 10 58
13 17 83
11 17 93
18 11 52
10 13 58
20 11 66
17 14 71
13 12 91
13 16 69
16 10 100
11 16 95
19 20 70
13 13 54
13 16 92
12 13 59
11 11 98
16 13 82
13 12 97
12 15 56
16 15 58
17 16 69
19 16 57
18 13 69
17 19 65
20 14 52
20 14 53
12 14 51
16 11 56
20 17 60
18 14 58
14 15 98
18 14 99
12 12 62
10 15 69
20 16 77
10 16 66
20 19 94
15 17 81
11 14 98
14 20 71
12 19 73
19 20 77
14 18 91
16 13 80
11 10 100
18 14 84
17 14 73
18 17 59
17 18 57
16 20 69
16 20 72
12 19 71
15 15 93
10 19 64
13 20 67
16 14 55
13 15 59
18 16 84
13 14 77
20 20 54
15 12 99
14 14 81
10 11 60
19 10 61
13 18 99
16 17 61
20 15 72
16 15 97
14 16 84
20 12 99
15 14 91
10 20 78
16 17 52
11 14 58
20 13 100
13 13 75
17 18 73
10 10 50
10 17 59
15 16 76
10 12 53
20 19 87
12 10 66
14 11 91
11 10 67
19 15 89
20 17 67
18 16 88
10 16 74
13 13 95
16 16 96
15 16 52
19 10 78
16 15 92
14 17 91
11 10 95
17 14 90
13 16 53
14 10 95
13 12 68
19 20 89
16 15 87
17 14 68
19 13 83
12 13 68
17 11 100
13 13 70
13 12 82
19 10 62
17 19 61
19 11 50
15 20 96
19 10 51
14 20 80
15 12 80
17 13 50
16 16 83
16 15 77
10 17 100
12 20 57
10 17 96
10 15 83
10 19 81
13 13 93
11 15 70
17 17 93
20 18 70
19 16 83
19 13 69
16 17 68
15 13 95
12 20 99
10 14 92
11 15 98
18 19 72
12 20 52
20 10 86
19 19 88
12 15 72
15 17 72
11 20 73
10 16 86
16 16 75
15 18 96
11 18 53
11 14 55
12 13 51
16 15 89
13 13 83
11 16 87
13 16 66
19 11 64
15 10 57
10 19 61
20 19 96
13 14 94
12 13 96
16 17 57
10 13 54
14 15 58
18 13 83
13 10 83
17 10 80
14 17 58
10 16 54
11 11 72
12 20 89
15 19 54
13 11 78
20 18 99
17 17 92
20 16 62
17 17 98
14 17 70
11 10 68
19 10 93
17 14 50
13 18 73
13 11 55
16 12 79
12 14 53
17 17 55
19 12 80
18 15 69
19 19 59
17 14 89
13 17 67
12 17 94
20 20 92
11 12 95
15 20 66
13 12 89
11 19 90
18 16 73
17 19 77
13 14 99
14 10 71
17 13 75
10 17 66
16 19 50
14 16 74
14 18 50
16 19 88
20 10 95
17 13 60
14 16 64
18 16 76
12 10 51
16 19 96
16 19 87
17 12 82
18 16 91
15 20 99
20 19 85
16 13 83
11 17 76
18 13 50
14 15 53
20 19 73
12 11 79
13 12 86
17 14 82
19 13 78
10 11 55
20 13 56
15 11 59
20 18 98
15 18 58
15 14 65
15 14 80
20 14 72
19 13 62
10 16 63
10 11 79
11 16 59
15 10 69
15 10 87
13 10 98
12 20 56
10 20 84
14 14 62
20 12 54
15 14 94
20 13 68
15 16 100
14 12 82
12 11 61
20 14 63
18 14 68
20 18 94
13 13 55
19 18 92
20 20 53
11 14 95
20 16 91
11 19 88
12 10 53
18 15 78
11 14 88
11 12 53
19 10 100
15 13 83
11 11 54
16 12 65
20 14 97
12 10 79
15 10 99
16 10 51
10 17 88
14 20 56
19 15 96
13 12 71
14 11 71
20 18 64
15 14 54
11 13 59
14 11 53
20 16 77
13 18 69
19 14 73
14 17 56
20 18 65
18 17 57
20 12 61
13 20 76
18 20 50
10 15 77
14 11 58
12 19 66
20 16 86
15 17 70
17 15 60
10 10 94
15 19 80
20 15 54
16 14 53
13 18 65
20 16 91
19 16 86
19 20 87
20 14 53
14 16 84
13 10 100
20 17 83
16 12 79
18 17 76
10 18 70
14 16 77
12 12 96
14 14 97
13 10 75
20 17 96
19 20 99
17 13 84
16 18 76
12 12 69
16 11 65
10 12 82
15 12 74
15 10 58
12 14 81
18 10 59
10 10 66
10 17 87
18 10 75
19 16 89
11 18 62
12 16 90
10 19 99
11 17 94
11 20 82
15 11 99
20 14 85
19 16 100
19 17 98
15 12 89
19 11 58
11 10 93
15 17 89
12 19 83
16 10 72
15 15 76
20 14 67
15 16 97
13 13 62
13 19 89
20 18 61
10 12 55
13 15 61
19 11 94
19 12 91
13 19 94
14 20 54
10 13 86
14 10 67
15 17 75
11 18 58
10 12 76
13 16 70
17 19 78
14 16 80
18 15 59
19 11 99
10 10 82
16 14 55
14 12 58
19 18 81
12 20 90
17 19 58
12 10 83
13 14 92
16 14 90
18 16 61
13 16 80
10 13 67
19 12 74
11 19 75
11 16 75
20 11 73
19 10 70
18 14 78
14 14 60
10 20 60
16 15 67
20 14 80
15 19 100
17 13 89
17 16 75
20 13 66
15 19 95
20 14 65
10 18 62
13 16 70
13 19 54
20 15 51
16 20 100
20 14 83
18 14 60
20 14 74
13 19 58
17 10 85
14 15 97
11 12 51
18 10 79
16 16 73
13 16 84
15 14 75
18 16 89
16 17 78
15 13 98
14 19 82
12 20 87
12 19 92
11 15 67
12 10 92
15 18 100
14 12 90
16 20 72
19 11 56
14 12 72
12 19 98
16 20 92
20 13 92
20 15 62
16 17 83
19 20 98
12 17 83
14 12 68
14 12 76
14 10 69
14 18 55
11 16 71
18 14 100
13 14 90
17 10 66
13 12 99
14 10 73
16 19 53
10 20 61
19 19 50
16 13 95
14 17 65
19 18 52
11 11 64
16 10 89
17 16 53
10 15 75
11 20 68
10 18 53
14 15 74
13 20 74
14 15 50
18 19 52
15 11 62
20 15 81
10 18 96
15 16 97
11 18 91
13 16 88
11 16 72
10 13 80
10 14 72
15 19 57
15 19 91
15 17 98
19 17 51
10 19 82
16 16 71
16 14 84
19 10 96
20 14 80
17 20 86
20 20 75
20 19 95
16 19 94
17 19 82
13 14 94
11 12 99
17 11 58
18 15 91
14 18 97
14 19 69
20 13 80
14 19 97
14 18 62
16 13 98
11 18 82
17 18 74
10 14 80
13 16 52
12 10 54
19 17 63
17 14 88
19 14 83
12 11 75
16 12 70
16 17 62
